2 10.0 0.12 15847938.326738743 0.0 0.0 99625.27573018377 0.0 0.0
1 5.9736e+24 6371000.0 3.8613935754965604e-20 0.0 0.0 6.273271292894996e-22 0.0 0.0
2 10.0 0.12 15848934.579337403 0.0 0.0 99625.25986604767 0.0 0.0
1 5.9736e+24 6371000.0 3.862020929179589e-20 0.0 0.0 6.2735368302888e-22 0.0 0.0
2 10.0 0.12 15849930.831777442 0.0 0.0 99625.24400390591 0.0 0.0
1 5.9736e+24 6371000.0 3.8626483094130196e-20 0.0 0.0 6.273802334302777e-22 0.0 0.0
2 10.0 0.12 15850927.084058879 0.0 0.0 99625.22814375814 0.0 0.0
1 5.9736e+24 6371000.0 3.863275716193514e-20 0.0 0.0 6.274067804943228e-22 0.0 0.0
2 10.0 0.12 15851923.336181736 0.0 0.0 99625.21228560396 0.0 0.0
1 5.9736e+24 6371000.0 3.863903149517736e-20 0.0 0.0 6.27433324221645e-22 0.0 0.0
2 10.0 0.12 15852919.58814603 0.0 0.0 99625.196429443 0.0 0.0
1 5.9736e+24 6371000.0 3.864530609382349e-20 0.0 0.0 6.274598646128739e-22 0.0 0.0
2 10.0 0.12 15853915.839951783 0.0 0.0 99625.1805752749 0.0 0.0
1 5.9736e+24 6371000.0 3.865158095784017e-20 0.0 0.0 6.274864016686388e-22 0.0 0.0
2 10.0 0.12 15854912.091599014 0.0 0.0 99625.16472309927 0.0 0.0
1 5.9736e+24 6371000.0 3.865785608719407e-20 0.0 0.0 6.275129353895692e-22 0.0 0.0
2 10.0 0.12 15855908.343087742 0.0 0.0 99625.14887291573 0.0 0.0
1 5.9736e+24 6371000.0 3.866413148185183e-20 0.0 0.0 6.275394657762941e-22 0.0 0.0
2 10.0 0.12 15856904.59441799 0.0 0.0 99625.13302472391 0.0 0.0
1 5.9736e+24 6371000.0 3.867040714178012e-20 0.0 0.0 6.275659928294424e-22 0.0 0.0
2 10.0 0.12 15857900.845589774 0.0 0.0 99625.11717852345 0.0 0.0
1 5.9736e+24 6371000.0 3.867668306694562e-20 0.0 0.0 6.275925165496429e-22 0.0 0.0
2 10.0 0.12 15858897.096603116 0.0 0.0 99625.10133431395 0.0 0.0
1 5.9736e+24 6371000.0 3.8682959257314995e-20 0.0 0.0 6.276190369375243e-22 0.0 0.0
2 10.0 0.12 15859893.347458037 0.0 0.0 99625.08549209505 0.0 0.0
1 5.9736e+24 6371000.0 3.868923571285493e-20 0.0 0.0 6.27645553993715e-22 0.0 0.0
2 10.0 0.12 15860889.598154556 0.0 0.0 99625.06965186636 0.0 0.0
1 5.9736e+24 6371000.0 3.869551243353212e-20 0.0 0.0 6.276720677188434e-22 0.0 0.0
2 10.0 0.12 15861885.848692693 0.0 0.0 99625.05381362751 0.0 0.0
1 5.9736e+24 6371000.0 3.870178941931326e-20 0.0 0.0 6.276985781135377e-22 0.0 0.0
2 10.0 0.12 15862882.099072466 0.0 0.0 99625.03797737815 0.0 0.0
1 5.9736e+24 6371000.0 3.8708066670165044e-20 0.0 0.0 6.277250851784257e-22 0.0 0.0
2 10.0 0.12 15863878.349293897 0.0 0.0 99625.02214311787 0.0 0.0
1 5.9736e+24 6371000.0 3.8714344186054186e-20 0.0 0.0 6.277515889141354e-22 0.0 0.0
2 10.0 0.12 15864874.599357005 0.0 0.0 99625.00631084631 0.0 0.0
1 5.9736e+24 6371000.0 3.87206219669474e-20 0.0 0.0 6.277780893212945e-22 0.0 0.0
2 10.0 0.12 15865870.849261811 0.0 0.0 99624.9904805631 0.0 0.0
1 5.9736e+24 6371000.0 3.8726900012811404e-20 0.0 0.0 6.278045864005303e-22 0.0 0.0
2 10.0 0.12 15866867.099008333 0.0 0.0 99624.97465226785 0.0 0.0
1 5.9736e+24 6371000.0 3.873317832361293e-20 0.0 0.0 6.278310801524705e-22 0.0 0.0
2 10.0 0.12 15867863.348596593 0.0 0.0 99624.95882596019 0.0 0.0
1 5.9736e+24 6371000.0 3.8739456899318707e-20 0.0 0.0 6.278575705777421e-22 0.0 0.0
2 10.0 0.12 15868859.598026609 0.0 0.0 99624.94300163975 0.0 0.0
1 5.9736e+24 6371000.0 3.8745735739895476e-20 0.0 0.0 6.278840576769723e-22 0.0 0.0
2 10.0 0.12 15869855.847298402 0.0 0.0 99624.92717930616 0.0 0.0
1 5.9736e+24 6371000.0 3.8752014845309983e-20 0.0 0.0 6.279105414507878e-22 0.0 0.0
2 10.0 0.12 15870852.096411992 0.0 0.0 99624.91135895904 0.0 0.0
1 5.9736e+24 6371000.0 3.875829421552898e-20 0.0 0.0 6.279370218998155e-22 0.0 0.0
2 10.0 0.12 15871848.345367398 0.0 0.0 99624.89554059801 0.0 0.0
1 5.9736e+24 6371000.0 3.876457385051923e-20 0.0 0.0 6.27963499024682e-22 0.0 0.0
2 10.0 0.12 15872844.59416464 0.0 0.0 99624.8797242227 0.0 0.0
1 5.9736e+24 6371000.0 3.877085375024749e-20 0.0 0.0 6.279899728260136e-22 0.0 0.0
2 10.0 0.12 15873840.842803737 0.0 0.0 99624.86390983274 0.0 0.0
1 5.9736e+24 6371000.0 3.8777133914680535e-20 0.0 0.0 6.280164433044367e-22 0.0 0.0
2 10.0 0.12 15874837.09128471 0.0 0.0 99624.84809742775 0.0 0.0
1 5.9736e+24 6371000.0 3.878341434378514e-20 0.0 0.0 6.280429104605773e-22 0.0 0.0
2 10.0 0.12 15875833.339607581 0.0 0.0 99624.83228700736 0.0 0.0
1 5.9736e+24 6371000.0 3.878969503752809e-20 0.0 0.0 6.280693742950613e-22 0.0 0.0
2 10.0 0.12 15876829.587772368 0.0 0.0 99624.8164785712 0.0 0.0
1 5.9736e+24 6371000.0 3.8795975995876174e-20 0.0 0.0 6.280958348085146e-22 0.0 0.0
2 10.0 0.12 15877825.83577909 0.0 0.0 99624.80067211889 0.0 0.0
1 5.9736e+24 6371000.0 3.880225721879619e-20 0.0 0.0 6.281222920015629e-22 0.0 0.0
2 10.0 0.12 15878822.083627766 0.0 0.0 99624.78486765004 0.0 0.0
1 5.9736e+24 6371000.0 3.880853870625494e-20 0.0 0.0 6.281487458748315e-22 0.0 0.0
2 10.0 0.12 15879818.331318418 0.0 0.0 99624.7690651643 0.0 0.0
1 5.9736e+24 6371000.0 3.881482045821923e-20 0.0 0.0 6.281751964289459e-22 0.0 0.0
2 10.0 0.12 15880814.578851065 0.0 0.0 99624.7532646613 0.0 0.0
1 5.9736e+24 6371000.0 3.8821102474655873e-20 0.0 0.0 6.282016436645312e-22 0.0 0.0
2 10.0 0.12 15881810.826225726 0.0 0.0 99624.73746614065 0.0 0.0
1 5.9736e+24 6371000.0 3.8827384755531696e-20 0.0 0.0 6.282280875822124e-22 0.0 0.0
2 10.0 0.12 15882807.073442422 0.0 0.0 99624.72166960199 0.0 0.0
1 5.9736e+24 6371000.0 3.8833667300813524e-20 0.0 0.0 6.282545281826143e-22 0.0 0.0
2 10.0 0.12 15883803.320501173 0.0 0.0 99624.70587504494 0.0 0.0
1 5.9736e+24 6371000.0 3.883995011046819e-20 0.0 0.0 6.282809654663617e-22 0.0 0.0
2 10.0 0.12 15884799.567401998 0.0 0.0 99624.69008246911 0.0 0.0
1 5.9736e+24 6371000.0 3.884623318446253e-20 0.0 0.0 6.283073994340791e-22 0.0 0.0
2 10.0 0.12 15885795.814144917 0.0 0.0 99624.67429187415 0.0 0.0
1 5.9736e+24 6371000.0 3.885251652276339e-20 0.0 0.0 6.283338300863908e-22 0.0 0.0
2 10.0 0.12 15886792.060729949 0.0 0.0 99624.65850325969 0.0 0.0
1 5.9736e+24 6371000.0 3.885880012533763e-20 0.0 0.0 6.283602574239211e-22 0.0 0.0
2 10.0 0.12 15887788.307157114 0.0 0.0 99624.64271662534 0.0 0.0
1 5.9736e+24 6371000.0 3.8865083992152105e-20 0.0 0.0 6.283866814472941e-22 0.0 0.0
2 10.0 0.12 15888784.553426433 0.0 0.0 99624.62693197074 0.0 0.0
1 5.9736e+24 6371000.0 3.887136812317368e-20 0.0 0.0 6.284131021571337e-22 0.0 0.0
2 10.0 0.12 15889780.799537927 0.0 0.0 99624.61114929551 0.0 0.0
1 5.9736e+24 6371000.0 3.887765251836922e-20 0.0 0.0 6.284395195540636e-22 0.0 0.0
2 10.0 0.12 15890777.045491613 0.0 0.0 99624.59536859929 0.0 0.0
1 5.9736e+24 6371000.0 3.8883937177705605e-20 0.0 0.0 6.284659336387073e-22 0.0 0.0
2 10.0 0.12 15891773.291287512 0.0 0.0 99624.57958988169 0.0 0.0
1 5.9736e+24 6371000.0 3.8890222101149724e-20 0.0 0.0 6.284923444116885e-22 0.0 0.0
2 10.0 0.12 15892769.536925644 0.0 0.0 99624.56381314233 0.0 0.0
1 5.9736e+24 6371000.0 3.889650728866846e-20 0.0 0.0 6.2851875187363025e-22 0.0 0.0
2 10.0 0.12 15893765.782406028 0.0 0.0 99624.54803838086 0.0 0.0
1 5.9736e+24 6371000.0 3.8902792740228716e-20 0.0 0.0 6.285451560251558e-22 0.0 0.0
2 10.0 0.12 15894762.027728684 0.0 0.0 99624.5322655969 0.0 0.0
1 5.9736e+24 6371000.0 3.8909078455797385e-20 0.0 0.0 6.285715568668881e-22 0.0 0.0
2 10.0 0.12 15895758.272893632 0.0 0.0 99624.51649479009 0.0 0.0
1 5.9736e+24 6371000.0 3.891536443534138e-20 0.0 0.0 6.2859795439945e-22 0.0 0.0
2 10.0 0.12 15896754.517900892 0.0 0.0 99624.50072596004 0.0 0.0
1 5.9736e+24 6371000.0 3.8921650678827614e-20 0.0 0.0 6.286243486234641e-22 0.0 0.0
2 10.0 0.12 15897750.762750482 0.0 0.0 99624.48495910638 0.0 0.0
1 5.9736e+24 6371000.0 3.892793718622301e-20 0.0 0.0 6.2865073953955285e-22 0.0 0.0
2 10.0 0.12 15898747.007442424 0.0 0.0 99624.46919422875 0.0 0.0
1 5.9736e+24 6371000.0 3.8934223957494496e-20 0.0 0.0 6.286771271483387e-22 0.0 0.0
2 10.0 0.12 15899743.251976738 0.0 0.0 99624.45343132676 0.0 0.0
1 5.9736e+24 6371000.0 3.8940510992609e-20 0.0 0.0 6.287035114504438e-22 0.0 0.0
2 10.0 0.12 15900739.496353442 0.0 0.0 99624.43767040006 0.0 0.0
1 5.9736e+24 6371000.0 3.894679829153346e-20 0.0 0.0 6.287298924464903e-22 0.0 0.0
2 10.0 0.12 15901735.740572557 0.0 0.0 99624.42191144827 0.0 0.0
1 5.9736e+24 6371000.0 3.895308585423483e-20 0.0 0.0 6.287562701370998e-22 0.0 0.0
2 10.0 0.12 15902731.984634101 0.0 0.0 99624.40615447101 0.0 0.0
1 5.9736e+24 6371000.0 3.8959373680680056e-20 0.0 0.0 6.287826445228943e-22 0.0 0.0
2 10.0 0.12 15903728.228538096 0.0 0.0 99624.39039946791 0.0 0.0
1 5.9736e+24 6371000.0 3.89656617708361e-20 0.0 0.0 6.288090156044952e-22 0.0 0.0
2 10.0 0.12 15904724.472284561 0.0 0.0 99624.3746464386 0.0 0.0
1 5.9736e+24 6371000.0 3.897195012466992e-20 0.0 0.0 6.2883538338252395e-22 0.0 0.0
2 10.0 0.12 15905720.715873515 0.0 0.0 99624.35889538273 0.0 0.0
1 5.9736e+24 6371000.0 3.89782387421485e-20 0.0 0.0 6.288617478576019e-22 0.0 0.0
2 10.0 0.12 15906716.95930498 0.0 0.0 99624.3431462999 0.0 0.0
1 5.9736e+24 6371000.0 3.89845276232388e-20 0.0 0.0 6.2888810903035e-22 0.0 0.0
2 10.0 0.12 15907713.202578971 0.0 0.0 99624.32739918974 0.0 0.0
1 5.9736e+24 6371000.0 3.899081676790781e-20 0.0 0.0 6.289144669013892e-22 0.0 0.0
2 10.0 0.12 15908709.445695512 0.0 0.0 99624.3116540519 0.0 0.0
1 5.9736e+24 6371000.0 3.899710617612253e-20 0.0 0.0 6.289408214713404e-22 0.0 0.0
2 10.0 0.12 15909705.68865462 0.0 0.0 99624.295910886 0.0 0.0
1 5.9736e+24 6371000.0 3.9003395847849936e-20 0.0 0.0 6.289671727408241e-22 0.0 0.0
2 10.0 0.12 15910701.931456316 0.0 0.0 99624.28016969166 0.0 0.0
1 5.9736e+24 6371000.0 3.9009685783057043e-20 0.0 0.0 6.28993520710461e-22 0.0 0.0
2 10.0 0.12 15911698.17410062 0.0 0.0 99624.26443046851 0.0 0.0
1 5.9736e+24 6371000.0 3.901597598171085e-20 0.0 0.0 6.290198653808711e-22 0.0 0.0
2 10.0 0.12 15912694.416587552 0.0 0.0 99624.2486932162 0.0 0.0
1 5.9736e+24 6371000.0 3.9022266443778374e-20 0.0 0.0 6.290462067526748e-22 0.0 0.0
2 10.0 0.12 15913690.65891713 0.0 0.0 99624.23295793433 0.0 0.0
1 5.9736e+24 6371000.0 3.902855716922664e-20 0.0 0.0 6.29072544826492e-22 0.0 0.0
2 10.0 0.12 15914686.901089378 0.0 0.0 99624.21722462255 0.0 0.0
1 5.9736e+24 6371000.0 3.9034848158022666e-20 0.0 0.0 6.290988796029426e-22 0.0 0.0
2 10.0 0.12 15915683.143104311 0.0 0.0 99624.20149328049 0.0 0.0
1 5.9736e+24 6371000.0 3.904113941013349e-20 0.0 0.0 6.291252110826463e-22 0.0 0.0
2 10.0 0.12 15916679.38496195 0.0 0.0 99624.18576390778 0.0 0.0
1 5.9736e+24 6371000.0 3.9047430925526154e-20 0.0 0.0 6.291515392662227e-22 0.0 0.0
2 10.0 0.12 15917675.626662314 0.0 0.0 99624.17003650403 0.0 0.0
1 5.9736e+24 6371000.0 3.90537227041677e-20 0.0 0.0 6.291778641542911e-22 0.0 0.0
2 10.0 0.12 15918671.868205424 0.0 0.0 99624.1543110689 0.0 0.0
1 5.9736e+24 6371000.0 3.9060014746025176e-20 0.0 0.0 6.292041857474707e-22 0.0 0.0
2 10.0 0.12 15919668.1095913 0.0 0.0 99624.13858760199 0.0 0.0
1 5.9736e+24 6371000.0 3.906630705106564e-20 0.0 0.0 6.292305040463806e-22 0.0 0.0
2 10.0 0.12 15920664.35081996 0.0 0.0 99624.12286610296 0.0 0.0
1 5.9736e+24 6371000.0 3.9072599619256157e-20 0.0 0.0 6.292568190516398e-22 0.0 0.0
2 10.0 0.12 15921660.591891427 0.0 0.0 99624.10714657142 0.0 0.0
1 5.9736e+24 6371000.0 3.9078892450563794e-20 0.0 0.0 6.2928313076386695e-22 0.0 0.0
2 10.0 0.12 15922656.832805717 0.0 0.0 99624.091429007 0.0 0.0
1 5.9736e+24 6371000.0 3.908518554495563e-20 0.0 0.0 6.293094391836808e-22 0.0 0.0
2 10.0 0.12 15923653.073562851 0.0 0.0 99624.07571340934 0.0 0.0
1 5.9736e+24 6371000.0 3.9091478902398746e-20 0.0 0.0 6.293357443116996e-22 0.0 0.0
2 10.0 0.12 15924649.314162849 0.0 0.0 99624.05999977807 0.0 0.0
1 5.9736e+24 6371000.0 3.909777252286023e-20 0.0 0.0 6.293620461485418e-22 0.0 0.0
2 10.0 0.12 15925645.55460573 0.0 0.0 99624.04428811281 0.0 0.0
1 5.9736e+24 6371000.0 3.9104066406307175e-20 0.0 0.0 6.293883446948256e-22 0.0 0.0
2 10.0 0.12 15926641.794891514 0.0 0.0 99624.0285784132 0.0 0.0
1 5.9736e+24 6371000.0 3.9110360552706687e-20 0.0 0.0 6.29414639951169e-22 0.0 0.0
2 10.0 0.12 15927638.035020221 0.0 0.0 99624.01287067887 0.0 0.0
1 5.9736e+24 6371000.0 3.911665496202587e-20 0.0 0.0 6.294409319181896e-22 0.0 0.0
2 10.0 0.12 15928634.27499187 0.0 0.0 99623.99716490945 0.0 0.0
1 5.9736e+24 6371000.0 3.912294963423183e-20 0.0 0.0 6.294672205965053e-22 0.0 0.0
2 10.0 0.12 15929630.514806481 0.0 0.0 99623.98146110457 0.0 0.0
1 5.9736e+24 6371000.0 3.91292445692917e-20 0.0 0.0 6.294935059867335e-22 0.0 0.0
2 10.0 0.12 15930626.754464073 0.0 0.0 99623.96575926387 0.0 0.0
1 5.9736e+24 6371000.0 3.913553976717259e-20 0.0 0.0 6.295197880894917e-22 0.0 0.0
2 10.0 0.12 15931622.993964667 0.0 0.0 99623.95005938696 0.0 0.0
1 5.9736e+24 6371000.0 3.9141835227841647e-20 0.0 0.0 6.29546066905397e-22 0.0 0.0
2 10.0 0.12 15932619.233308282 0.0 0.0 99623.9343614735 0.0 0.0
1 5.9736e+24 6371000.0 3.9148130951266e-20 0.0 0.0 6.295723424350665e-22 0.0 0.0
2 10.0 0.12 15933615.472494937 0.0 0.0 99623.91866552309 0.0 0.0
1 5.9736e+24 6371000.0 3.915442693741279e-20 0.0 0.0 6.29598614679117e-22 0.0 0.0
2 10.0 0.12 15934611.711524652 0.0 0.0 99623.90297153538 0.0 0.0
1 5.9736e+24 6371000.0 3.916072318624917e-20 0.0 0.0 6.296248836381655e-22 0.0 0.0
2 10.0 0.12 15935607.950397447 0.0 0.0 99623.88727951 0.0 0.0
1 5.9736e+24 6371000.0 3.91670196977423e-20 0.0 0.0 6.296511493128284e-22 0.0 0.0
2 10.0 0.12 15936604.189113341 0.0 0.0 99623.87158944659 0.0 0.0
1 5.9736e+24 6371000.0 3.9173316471859335e-20 0.0 0.0 6.296774117037223e-22 0.0 0.0
2 10.0 0.12 15937600.427672355 0.0 0.0 99623.85590134477 0.0 0.0
1 5.9736e+24 6371000.0 3.917961350856745e-20 0.0 0.0 6.297036708114634e-22 0.0 0.0
2 10.0 0.12 15938596.666074507 0.0 0.0 99623.84021520417 0.0 0.0
1 5.9736e+24 6371000.0 3.9185910807833815e-20 0.0 0.0 6.297299266366678e-22 0.0 0.0
2 10.0 0.12 15939592.904319817 0.0 0.0 99623.82453102442 0.0 0.0
1 5.9736e+24 6371000.0 3.9192208369625617e-20 0.0 0.0 6.297561791799515e-22 0.0 0.0
2 10.0 0.12 15940589.142408306 0.0 0.0 99623.80884880517 0.0 0.0
1 5.9736e+24 6371000.0 3.9198506193910036e-20 0.0 0.0 6.297824284419303e-22 0.0 0.0
2 10.0 0.12 15941585.380339991 0.0 0.0 99623.79316854604 0.0 0.0
1 5.9736e+24 6371000.0 3.9204804280654266e-20 0.0 0.0 6.298086744232199e-22 0.0 0.0
2 10.0 0.12 15942581.618114894 0.0 0.0 99623.77749024665 0.0 0.0
1 5.9736e+24 6371000.0 3.921110262982551e-20 0.0 0.0 6.29834917124436e-22 0.0 0.0
2 10.0 0.12 15943577.855733033 0.0 0.0 99623.76181390665 0.0 0.0
1 5.9736e+24 6371000.0 3.921740124139097e-20 0.0 0.0 6.298611565461936e-22 0.0 0.0
2 10.0 0.12 15944574.093194429 0.0 0.0 99623.74613952567 0.0 0.0
1 5.9736e+24 6371000.0 3.922370011531786e-20 0.0 0.0 6.298873926891082e-22 0.0 0.0
2 10.0 0.12 15945570.3304991 0.0 0.0 99623.73046710333 0.0 0.0
1 5.9736e+24 6371000.0 3.92299992515734e-20 0.0 0.0 6.299136255537948e-22 0.0 0.0
2 10.0 0.12 15946566.567647066 0.0 0.0 99623.71479663928 0.0 0.0
1 5.9736e+24 6371000.0 3.923629865012481e-20 0.0 0.0 6.299398551408682e-22 0.0 0.0
2 10.0 0.12 15947562.804638347 0.0 0.0 99623.69912813314 0.0 0.0
1 5.9736e+24 6371000.0 3.9242598310939316e-20 0.0 0.0 6.299660814509433e-22 0.0 0.0
2 10.0 0.12 15948559.041472962 0.0 0.0 99623.68346158456 0.0 0.0
1 5.9736e+24 6371000.0 3.9248898233984165e-20 0.0 0.0 6.2999230448463455e-22 0.0 0.0
2 10.0 0.12 15949555.278150933 0.0 0.0 99623.66779699315 0.0 0.0
1 5.9736e+24 6371000.0 3.925519841922659e-20 0.0 0.0 6.3001852424255655e-22 0.0 0.0
2 10.0 0.12 15950551.514672276 0.0 0.0 99623.65213435856 0.0 0.0
1 5.9736e+24 6371000.0 3.926149886663384e-20 0.0 0.0 6.300447407253234e-22 0.0 0.0
2 10.0 0.12 15951547.751037013 0.0 0.0 99623.63647368042 0.0 0.0
1 5.9736e+24 6371000.0 3.9267799576173176e-20 0.0 0.0 6.300709539335495e-22 0.0 0.0
2 10.0 0.12 15952543.987245163 0.0 0.0 99623.62081495835 0.0 0.0
1 5.9736e+24 6371000.0 3.9274100547811853e-20 0.0 0.0 6.300971638678485e-22 0.0 0.0
2 10.0 0.12 15953540.223296745 0.0 0.0 99623.605158192 0.0 0.0
1 5.9736e+24 6371000.0 3.9280401781517144e-20 0.0 0.0 6.301233705288344e-22 0.0 0.0
2 10.0 0.12 15954536.459191779 0.0 0.0 99623.589503381 0.0 0.0
1 5.9736e+24 6371000.0 3.9286703277256314e-20 0.0 0.0 6.301495739171209e-22 0.0 0.0
2 10.0 0.12 15955532.694930283 0.0 0.0 99623.57385052496 0.0 0.0
1 5.9736e+24 6371000.0 3.9293005034996646e-20 0.0 0.0 6.301757740333215e-22 0.0 0.0
2 10.0 0.12 15956528.93051228 0.0 0.0 99623.55819962354 0.0 0.0
1 5.9736e+24 6371000.0 3.9299307054705424e-20 0.0 0.0 6.302019708780496e-22 0.0 0.0
2 10.0 0.12 15957525.165937787 0.0 0.0 99623.54255067637 0.0 0.0
1 5.9736e+24 6371000.0 3.930560933634994e-20 0.0 0.0 6.302281644519182e-22 0.0 0.0
2 10.0 0.12 15958521.401206823 0.0 0.0 99623.52690368309 0.0 0.0
1 5.9736e+24 6371000.0 3.93119118798975e-20 0.0 0.0 6.302543547555406e-22 0.0 0.0
2 10.0 0.12 15959517.63631941 0.0 0.0 99623.51125864331 0.0 0.0
1 5.9736e+24 6371000.0 3.931821468531539e-20 0.0 0.0 6.302805417895296e-22 0.0 0.0
2 10.0 0.12 15960513.871275567 0.0 0.0 99623.49561555669 0.0 0.0
1 5.9736e+24 6371000.0 3.9324517752570935e-20 0.0 0.0 6.303067255544981e-22 0.0 0.0
2 10.0 0.12 15961510.106075311 0.0 0.0 99623.47997442285 0.0 0.0
1 5.9736e+24 6371000.0 3.933082108163144e-20 0.0 0.0 6.303329060510585e-22 0.0 0.0
2 10.0 0.12 15962506.340718664 0.0 0.0 99623.46433524143 0.0 0.0
1 5.9736e+24 6371000.0 3.933712467246424e-20 0.0 0.0 6.303590832798233e-22 0.0 0.0
2 10.0 0.12 15963502.575205645 0.0 0.0 99623.44869801206 0.0 0.0
1 5.9736e+24 6371000.0 3.9343428525036654e-20 0.0 0.0 6.303852572414049e-22 0.0 0.0
2 10.0 0.12 15964498.809536273 0.0 0.0 99623.43306273436 0.0 0.0
1 5.9736e+24 6371000.0 3.934973263931602e-20 0.0 0.0 6.304114279364153e-22 0.0 0.0
2 10.0 0.12 15965495.043710567 0.0 0.0 99623.41742940799 0.0 0.0
1 5.9736e+24 6371000.0 3.9356037015269675e-20 0.0 0.0 6.304375953654666e-22 0.0 0.0
2 10.0 0.12 15966491.277728548 0.0 0.0 99623.40179803257 0.0 0.0
1 5.9736e+24 6371000.0 3.9362341652864963e-20 0.0 0.0 6.304637595291705e-22 0.0 0.0
2 10.0 0.12 15967487.511590235 0.0 0.0 99623.38616860774 0.0 0.0
1 5.9736e+24 6371000.0 3.936864655206925e-20 0.0 0.0 6.304899204281389e-22 0.0 0.0
2 10.0 0.12 15968483.745295646 0.0 0.0 99623.37054113313 0.0 0.0
1 5.9736e+24 6371000.0 3.9374951712849875e-20 0.0 0.0 6.305160780629831e-22 0.0 0.0
2 10.0 0.12 15969479.978844801 0.0 0.0 99623.35491560838 0.0 0.0
1 5.9736e+24 6371000.0 3.938125713517422e-20 0.0 0.0 6.305422324343146e-22 0.0 0.0
2 10.0 0.12 15970476.212237721 0.0 0.0 99623.33929203311 0.0 0.0
1 5.9736e+24 6371000.0 3.9387562819009647e-20 0.0 0.0 6.305683835427447e-22 0.0 0.0
2 10.0 0.12 15971472.445474425 0.0 0.0 99623.32367040697 0.0 0.0
1 5.9736e+24 6371000.0 3.939386876432354e-20 0.0 0.0 6.305945313888843e-22 0.0 0.0
2 10.0 0.12 15972468.678554934 0.0 0.0 99623.3080507296 0.0 0.0
1 5.9736e+24 6371000.0 3.940017497108327e-20 0.0 0.0 6.306206759733444e-22 0.0 0.0
2 10.0 0.12 15973464.911479263 0.0 0.0 99623.29243300062 0.0 0.0
1 5.9736e+24 6371000.0 3.940648143925624e-20 0.0 0.0 6.306468172967357e-22 0.0 0.0
2 10.0 0.12 15974461.144247435 0.0 0.0 99623.27681721968 0.0 0.0
1 5.9736e+24 6371000.0 3.9412788168809837e-20 0.0 0.0 6.306729553596689e-22 0.0 0.0
2 10.0 0.12 15975457.37685947 0.0 0.0 99623.26120338641 0.0 0.0
1 5.9736e+24 6371000.0 3.941909515971147e-20 0.0 0.0 6.306990901627544e-22 0.0 0.0
2 10.0 0.12 15976453.609315384 0.0 0.0 99623.24559150044 0.0 0.0
1 5.9736e+24 6371000.0 3.942540241192853e-20 0.0 0.0 6.307252217066025e-22 0.0 0.0
2 10.0 0.12 15977449.8416152 0.0 0.0 99623.22998156141 0.0 0.0
1 5.9736e+24 6371000.0 3.943170992542845e-20 0.0 0.0 6.3075134999182345e-22 0.0 0.0
2 10.0 0.12 15978446.073758936 0.0 0.0 99623.21437356895 0.0 0.0
1 5.9736e+24 6371000.0 3.943801770017864e-20 0.0 0.0 6.307774750190272e-22 0.0 0.0
2 10.0 0.12 15979442.305746611 0.0 0.0 99623.1987675227 0.0 0.0
1 5.9736e+24 6371000.0 3.9444325736146527e-20 0.0 0.0 6.3080359678882355e-22 0.0 0.0
2 10.0 0.12 15980438.537578246 0.0 0.0 99623.18316342229 0.0 0.0
1 5.9736e+24 6371000.0 3.9450634033299543e-20 0.0 0.0 6.308297153018222e-22 0.0 0.0
2 10.0 0.12 15981434.769253857 0.0 0.0 99623.16756126737 0.0 0.0
1 5.9736e+24 6371000.0 3.945694259160513e-20 0.0 0.0 6.308558305586328e-22 0.0 0.0
2 10.0 0.12 15982431.000773467 0.0 0.0 99623.15196105756 0.0 0.0
1 5.9736e+24 6371000.0 3.9463251411030725e-20 0.0 0.0 6.308819425598647e-22 0.0 0.0
2 10.0 0.12 15983427.232137095 0.0 0.0 99623.1363627925 0.0 0.0
1 5.9736e+24 6371000.0 3.946956049154379e-20 0.0 0.0 6.30908051306127e-22 0.0 0.0
2 10.0 0.12 15984423.46334476 0.0 0.0 99623.12076647184 0.0 0.0
1 5.9736e+24 6371000.0 3.947586983311177e-20 0.0 0.0 6.30934156798029e-22 0.0 0.0
2 10.0 0.12 15985419.69439648 0.0 0.0 99623.1051720952 0.0 0.0
1 5.9736e+24 6371000.0 3.948217943570213e-20 0.0 0.0 6.309602590361796e-22 0.0 0.0
2 10.0 0.12 15986415.925292278 0.0 0.0 99623.0895796622 0.0 0.0
1 5.9736e+24 6371000.0 3.948848929928234e-20 0.0 0.0 6.309863580211875e-22 0.0 0.0
2 10.0 0.12 15987412.15603217 0.0 0.0 99623.07398917252 0.0 0.0
1 5.9736e+24 6371000.0 3.9494799423819876e-20 0.0 0.0 6.310124537536613e-22 0.0 0.0
2 10.0 0.12 15988408.386616176 0.0 0.0 99623.05840062577 0.0 0.0
1 5.9736e+24 6371000.0 3.9501109809282216e-20 0.0 0.0 6.310385462342096e-22 0.0 0.0
2 10.0 0.12 15989404.617044317 0.0 0.0 99623.0428140216 0.0 0.0
1 5.9736e+24 6371000.0 3.950742045563685e-20 0.0 0.0 6.310646354634406e-22 0.0 0.0
2 10.0 0.12 15990400.84731661 0.0 0.0 99623.02722935962 0.0 0.0
1 5.9736e+24 6371000.0 3.951373136285127e-20 0.0 0.0 6.310907214419627e-22 0.0 0.0
2 10.0 0.12 15991397.077433076 0.0 0.0 99623.0116466395 0.0 0.0
1 5.9736e+24 6371000.0 3.9520042530892975e-20 0.0 0.0 6.311168041703838e-22 0.0 0.0
2 10.0 0.12 15992393.307393735 0.0 0.0 99622.99606586085 0.0 0.0
1 5.9736e+24 6371000.0 3.952635395972947e-20 0.0 0.0 6.3114288364931165e-22 0.0 0.0
2 10.0 0.12 15993389.537198605 0.0 0.0 99622.98048702332 0.0 0.0
1 5.9736e+24 6371000.0 3.9532665649328265e-20 0.0 0.0 6.311689598793541e-22 0.0 0.0
2 10.0 0.12 15994385.766847705 0.0 0.0 99622.96491012654 0.0 0.0
1 5.9736e+24 6371000.0 3.9538977599656875e-20 0.0 0.0 6.311950328611188e-22 0.0 0.0
2 10.0 0.12 15995381.996341057 0.0 0.0 99622.94933517015 0.0 0.0
1 5.9736e+24 6371000.0 3.954528981068283e-20 0.0 0.0 6.312211025952129e-22 0.0 0.0
2 10.0 0.12 15996378.225678679 0.0 0.0 99622.9337621538 0.0 0.0
1 5.9736e+24 6371000.0 3.955160228237365e-20 0.0 0.0 6.312471690822439e-22 0.0 0.0
2 10.0 0.12 15997374.454860589 0.0 0.0 99622.9181910771 0.0 0.0
1 5.9736e+24 6371000.0 3.9557915014696876e-20 0.0 0.0 6.312732323228189e-22 0.0 0.0
2 10.0 0.12 15998370.683886807 0.0 0.0 99622.9026219397 0.0 0.0
1 5.9736e+24 6371000.0 3.9564228007620054e-20 0.0 0.0 6.312992923175448e-22 0.0 0.0
2 10.0 0.12 15999366.912757356 0.0 0.0 99622.88705474125 0.0 0.0
1 5.9736e+24 6371000.0 3.9570541261110726e-20 0.0 0.0 6.313253490670285e-22 0.0 0.0
2 10.0 0.12 16000363.14147225 0.0 0.0 99622.87148948137 0.0 0.0
1 5.9736e+24 6371000.0 3.9576854775136446e-20 0.0 0.0 6.313514025718766e-22 0.0 0.0
2 10.0 0.12 16001359.370031511 0.0 0.0 99622.85592615973 0.0 0.0
1 5.9736e+24 6371000.0 3.9583168549664775e-20 0.0 0.0 6.313774528326956e-22 0.0 0.0
2 10.0 0.12 16002355.59843516 0.0 0.0 99622.84036477593 0.0 0.0
1 5.9736e+24 6371000.0 3.958948258466328e-20 0.0 0.0 6.314034998500918e-22 0.0 0.0
2 10.0 0.12 16003351.826683214 0.0 0.0 99622.82480532961 0.0 0.0
1 5.9736e+24 6371000.0 3.959579688009953e-20 0.0 0.0 6.314295436246715e-22 0.0 0.0
2 10.0 0.12 16004348.054775693 0.0 0.0 99622.80924782043 0.0 0.0
1 5.9736e+24 6371000.0 3.9602111435941096e-20 0.0 0.0 6.314555841570408e-22 0.0 0.0
2 10.0 0.12 16005344.282712614 0.0 0.0 99622.79369224801 0.0 0.0
1 5.9736e+24 6371000.0 3.9608426252155574e-20 0.0 0.0 6.314816214478055e-22 0.0 0.0
2 10.0 0.12 16006340.510494001 0.0 0.0 99622.778138612 0.0 0.0
1 5.9736e+24 6371000.0 3.961474132871055e-20 0.0 0.0 6.315076554975714e-22 0.0 0.0
2 10.0 0.12 16007336.73811987 0.0 0.0 99622.76258691204 0.0 0.0
1 5.9736e+24 6371000.0 3.962105666557362e-20 0.0 0.0 6.315336863069441e-22 0.0 0.0
2 10.0 0.12 16008332.965590242 0.0 0.0 99622.74703714775 0.0 0.0
1 5.9736e+24 6371000.0 3.9627372262712386e-20 0.0 0.0 6.315597138765291e-22 0.0 0.0
2 10.0 0.12 16009329.192905135 0.0 0.0 99622.73148931879 0.0 0.0
1 5.9736e+24 6371000.0 3.9633688120094456e-20 0.0 0.0 6.315857382069317e-22 0.0 0.0
2 10.0 0.12 16010325.42006457 0.0 0.0 99622.71594342477 0.0 0.0
1 5.9736e+24 6371000.0 3.9640004237687446e-20 0.0 0.0 6.316117592987569e-22 0.0 0.0
2 10.0 0.12 16011321.647068566 0.0 0.0 99622.70039946536 0.0 0.0
1 5.9736e+24 6371000.0 3.964632061545897e-20 0.0 0.0 6.316377771526099e-22 0.0 0.0
2 10.0 0.12 16012317.87391714 0.0 0.0 99622.68485744018 0.0 0.0
1 5.9736e+24 6371000.0 3.965263725337666e-20 0.0 0.0 6.316637917690954e-22 0.0 0.0
2 10.0 0.12 16013314.100610314 0.0 0.0 99622.66931734887 0.0 0.0
1 5.9736e+24 6371000.0 3.965895415140815e-20 0.0 0.0 6.316898031488182e-22 0.0 0.0
2 10.0 0.12 16014310.327148106 0.0 0.0 99622.65377919108 0.0 0.0
1 5.9736e+24 6371000.0 3.9665271309521075e-20 0.0 0.0 6.317158112923828e-22 0.0 0.0
2 10.0 0.12 16015306.553530535 0.0 0.0 99622.63824296644 0.0 0.0
1 5.9736e+24 6371000.0 3.967158872768308e-20 0.0 0.0 6.317418162003936e-22 0.0 0.0
2 10.0 0.12 16016302.77975762 0.0 0.0 99622.6227086746 0.0 0.0
1 5.9736e+24 6371000.0 3.9677906405861816e-20 0.0 0.0 6.317678178734548e-22 0.0 0.0
2 10.0 0.12 16017299.005829385 0.0 0.0 99622.60717631517 0.0 0.0
1 5.9736e+24 6371000.0 3.9684224344024935e-20 0.0 0.0 6.317938163121706e-22 0.0 0.0
2 10.0 0.12 16018295.231745843 0.0 0.0 99622.59164588782 0.0 0.0
1 5.9736e+24 6371000.0 3.9690542542140105e-20 0.0 0.0 6.318198115171449e-22 0.0 0.0
2 10.0 0.12 16019291.457507016 0.0 0.0 99622.57611739218 0.0 0.0
1 5.9736e+24 6371000.0 3.9696861000174995e-20 0.0 0.0 6.3184580348898155e-22 0.0 0.0
2 10.0 0.12 16020287.683112925 0.0 0.0 99622.56059082788 0.0 0.0
1 5.9736e+24 6371000.0 3.970317971809728e-20 0.0 0.0 6.318717922282841e-22 0.0 0.0
2 10.0 0.12 16021283.908563586 0.0 0.0 99622.54506619457 0.0 0.0
1 5.9736e+24 6371000.0 3.970949869587464e-20 0.0 0.0 6.318977777356561e-22 0.0 0.0
2 10.0 0.12 16022280.133859022 0.0 0.0 99622.52954349188 0.0 0.0
1 5.9736e+24 6371000.0 3.971581793347476e-20 0.0 0.0 6.319237600117008e-22 0.0 0.0
2 10.0 0.12 16023276.358999249 0.0 0.0 99622.51402271946 0.0 0.0
1 5.9736e+24 6371000.0 3.9722137430865326e-20 0.0 0.0 6.319497390570216e-22 0.0 0.0
2 10.0 0.12 16024272.583984287 0.0 0.0 99622.49850387695 0.0 0.0
1 5.9736e+24 6371000.0 3.9728457188014045e-20 0.0 0.0 6.319757148722214e-22 0.0 0.0
2 10.0 0.12 16025268.808814157 0.0 0.0 99622.48298696398 0.0 0.0
1 5.9736e+24 6371000.0 3.973477720488862e-20 0.0 0.0 6.32001687457903e-22 0.0 0.0
2 10.0 0.12 16026265.033488877 0.0 0.0 99622.4674719802 0.0 0.0
1 5.9736e+24 6371000.0 3.9741097481456765e-20 0.0 0.0 6.320276568146694e-22 0.0 0.0
2 10.0 0.12 16027261.258008467 0.0 0.0 99622.45195892524 0.0 0.0
1 5.9736e+24 6371000.0 3.97474180176862e-20 0.0 0.0 6.32053622943123e-22 0.0 0.0
2 10.0 0.12 16028257.482372945 0.0 0.0 99622.43644779875 0.0 0.0
1 5.9736e+24 6371000.0 3.975373881354464e-20 0.0 0.0 6.320795858438662e-22 0.0 0.0
2 10.0 0.12 16029253.706582332 0.0 0.0 99622.42093860036 0.0 0.0
1 5.9736e+24 6371000.0 3.9760059868999814e-20 0.0 0.0 6.3210554551750155e-22 0.0 0.0
2 10.0 0.12 16030249.930636646 0.0 0.0 99622.40543132972 0.0 0.0
1 5.9736e+24 6371000.0 3.976638118401946e-20 0.0 0.0 6.321315019646309e-22 0.0 0.0
2 10.0 0.12 16031246.154535906 0.0 0.0 99622.38992598647 0.0 0.0
1 5.9736e+24 6371000.0 3.9772702758571315e-20 0.0 0.0 6.321574551858565e-22 0.0 0.0
2 10.0 0.12 16032242.378280133 0.0 0.0 99622.37442257024 0.0 0.0
1 5.9736e+24 6371000.0 3.9779024592623134e-20 0.0 0.0 6.321834051817799e-22 0.0 0.0
2 10.0 0.12 16033238.601869345 0.0 0.0 99622.35892108067 0.0 0.0
1 5.9736e+24 6371000.0 3.978534668614266e-20 0.0 0.0 6.322093519530032e-22 0.0 0.0
2 10.0 0.12 16034234.82530356 0.0 0.0 99622.3434215174 0.0 0.0
1 5.9736e+24 6371000.0 3.9791669039097666e-20 0.0 0.0 6.322352955001276e-22 0.0 0.0
2 10.0 0.12 16035231.0485828 0.0 0.0 99622.32792388009 0.0 0.0
1 5.9736e+24 6371000.0 3.97979916514559e-20 0.0 0.0 6.322612358237546e-22 0.0 0.0
2 10.0 0.12 16036227.271707082 0.0 0.0 99622.31242816837 0.0 0.0
1 5.9736e+24 6371000.0 3.980431452318515e-20 0.0 0.0 6.322871729244855e-22 0.0 0.0
2 10.0 0.12 16037223.494676426 0.0 0.0 99622.29693438188 0.0 0.0
1 5.9736e+24 6371000.0 3.981063765425318e-20 0.0 0.0 6.323131068029213e-22 0.0 0.0
2 10.0 0.12 16038219.717490852 0.0 0.0 99622.28144252027 0.0 0.0
1 5.9736e+24 6371000.0 3.9816961044627775e-20 0.0 0.0 6.3233903745966295e-22 0.0 0.0
2 10.0 0.12 16039215.940150378 0.0 0.0 99622.26595258316 0.0 0.0
1 5.9736e+24 6371000.0 3.9823284694276725e-20 0.0 0.0 6.323649648953113e-22 0.0 0.0
2 10.0 0.12 16040212.162655024 0.0 0.0 99622.2504645702 0.0 0.0
1 5.9736e+24 6371000.0 3.982960860316783e-20 0.0 0.0 6.323908891104671e-22 0.0 0.0
2 10.0 0.12 16041208.38500481 0.0 0.0 99622.23497848104 0.0 0.0
1 5.9736e+24 6371000.0 3.9835932771268887e-20 0.0 0.0 6.324168101057307e-22 0.0 0.0
2 10.0 0.12 16042204.607199753 0.0 0.0 99622.2194943153 0.0 0.0
1 5.9736e+24 6371000.0 3.9842257198547706e-20 0.0 0.0 6.324427278817024e-22 0.0 0.0
2 10.0 0.12 16043200.829239873 0.0 0.0 99622.20401207265 0.0 0.0
1 5.9736e+24 6371000.0 3.984858188497209e-20 0.0 0.0 6.324686424389826e-22 0.0 0.0
2 10.0 0.12 16044197.051125191 0.0 0.0 99622.1885317527 0.0 0.0
1 5.9736e+24 6371000.0 3.985490683050987e-20 0.0 0.0 6.3249455377817115e-22 0.0 0.0
2 10.0 0.12 16045193.272855725 0.0 0.0 99622.17305335513 0.0 0.0
1 5.9736e+24 6371000.0 3.986123203512887e-20 0.0 0.0 6.325204618998681e-22 0.0 0.0
2 10.0 0.12 16046189.494431494 0.0 0.0 99622.15757687956 0.0 0.0
1 5.9736e+24 6371000.0 3.986755749879692e-20 0.0 0.0 6.325463668046731e-22 0.0 0.0
2 10.0 0.12 16047185.715852518 0.0 0.0 99622.14210232563 0.0 0.0
1 5.9736e+24 6371000.0 3.987388322148185e-20 0.0 0.0 6.325722684931858e-22 0.0 0.0
2 10.0 0.12 16048181.937118815 0.0 0.0 99622.12662969298 0.0 0.0
1 5.9736e+24 6371000.0 3.988020920315151e-20 0.0 0.0 6.325981669660056e-22 0.0 0.0
2 10.0 0.12 16049178.158230405 0.0 0.0 99622.11115898126 0.0 0.0
1 5.9736e+24 6371000.0 3.988653544377375e-20 0.0 0.0 6.326240622237319e-22 0.0 0.0
2 10.0 0.12 16050174.379187306 0.0 0.0 99622.09569019011 0.0 0.0
1 5.9736e+24 6371000.0 3.989286194331642e-20 0.0 0.0 6.326499542669638e-22 0.0 0.0
2 10.0 0.12 16051170.599989539 0.0 0.0 99622.08022331916 0.0 0.0
1 5.9736e+24 6371000.0 3.989918870174739e-20 0.0 0.0 6.326758430963003e-22 0.0 0.0
2 10.0 0.12 16052166.820637122 0.0 0.0 99622.06475836807 0.0 0.0
1 5.9736e+24 6371000.0 3.990551571903451e-20 0.0 0.0 6.327017287123402e-22 0.0 0.0
2 10.0 0.12 16053163.041130075 0.0 0.0 99622.04929533647 0.0 0.0
1 5.9736e+24 6371000.0 3.9911842995145663e-20 0.0 0.0 6.327276111156823e-22 0.0 0.0
2 10.0 0.12 16054159.261468418 0.0 0.0 99622.03383422401 0.0 0.0
1 5.9736e+24 6371000.0 3.991817053004873e-20 0.0 0.0 6.327534903069251e-22 0.0 0.0
2 10.0 0.12 16055155.481652169 0.0 0.0 99622.01837503033 0.0 0.0
1 5.9736e+24 6371000.0 3.99244983237116e-20 0.0 0.0 6.327793662866671e-22 0.0 0.0
2 10.0 0.12 16056151.701681346 0.0 0.0 99622.00291775506 0.0 0.0
1 5.9736e+24 6371000.0 3.993082637610215e-20 0.0 0.0 6.328052390555064e-22 0.0 0.0
2 10.0 0.12 16057147.92155597 0.0 0.0 99621.98746239787 0.0 0.0
1 5.9736e+24 6371000.0 3.9937154687188295e-20 0.0 0.0 6.328311086140414e-22 0.0 0.0
2 10.0 0.12 16058144.14127606 0.0 0.0 99621.97200895839 0.0 0.0
1 5.9736e+24 6371000.0 3.9943483256937927e-20 0.0 0.0 6.328569749628698e-22 0.0 0.0
2 10.0 0.12 16059140.360841634 0.0 0.0 99621.95655743625 0.0 0.0
1 5.9736e+24 6371000.0 3.994981208531895e-20 0.0 0.0 6.3288283810258955e-22 0.0 0.0
2 10.0 0.12 16060136.580252713 0.0 0.0 99621.94110783111 0.0 0.0
1 5.9736e+24 6371000.0 3.995614117229929e-20 0.0 0.0 6.329086980337982e-22 0.0 0.0
2 10.0 0.12 16061132.799509315 0.0 0.0 99621.9256601426 0.0 0.0
1 5.9736e+24 6371000.0 3.996247051784686e-20 0.0 0.0 6.329345547570934e-22 0.0 0.0
2 10.0 0.12 16062129.018611459 0.0 0.0 99621.91021437038 0.0 0.0
1 5.9736e+24 6371000.0 3.996880012192959e-20 0.0 0.0 6.329604082730724e-22 0.0 0.0
2 10.0 0.12 16063125.237559164 0.0 0.0 99621.89477051407 0.0 0.0
1 5.9736e+24 6371000.0 3.997512998451541e-20 0.0 0.0 6.329862585823325e-22 0.0 0.0
2 10.0 0.12 16064121.45635245 0.0 0.0 99621.87932857334 0.0 0.0
1 5.9736e+24 6371000.0 3.9981460105572264e-20 0.0 0.0 6.330121056854707e-22 0.0 0.0
2 10.0 0.12 16065117.674991336 0.0 0.0 99621.86388854781 0.0 0.0
1 5.9736e+24 6371000.0 3.9987790485068094e-20 0.0 0.0 6.330379495830841e-22 0.0 0.0
2 10.0 0.12 16066113.89347584 0.0 0.0 99621.84845043713 0.0 0.0
1 5.9736e+24 6371000.0 3.999412112297085e-20 0.0 0.0 6.330637902757693e-22 0.0 0.0
2 10.0 0.12 16067110.111805983 0.0 0.0 99621.83301424095 0.0 0.0
1 5.9736e+24 6371000.0 4.000045201924849e-20 0.0 0.0 6.33089627764123e-22 0.0 0.0
2 10.0 0.12 16068106.329981783 0.0 0.0 99621.81757995891 0.0 0.0
1 5.9736e+24 6371000.0 4.0006783173868974e-20 0.0 0.0 6.331154620487416e-22 0.0 0.0
2 10.0 0.12 16069102.54800326 0.0 0.0 99621.80214759064 0.0 0.0
1 5.9736e+24 6371000.0 4.0013114586800275e-20 0.0 0.0 6.331412931302215e-22 0.0 0.0
2 10.0 0.12 16070098.765870431 0.0 0.0 99621.78671713581 0.0 0.0
1 5.9736e+24 6371000.0 4.001944625801037e-20 0.0 0.0 6.331671210091589e-22 0.0 0.0
2 10.0 0.12 16071094.983583318 0.0 0.0 99621.77128859404 0.0 0.0
1 5.9736e+24 6371000.0 4.0025778187467226e-20 0.0 0.0 6.331929456861499e-22 0.0 0.0
2 10.0 0.12 16072091.201141939 0.0 0.0 99621.755861965 0.0 0.0
1 5.9736e+24 6371000.0 4.0032110375138845e-20 0.0 0.0 6.332187671617902e-22 0.0 0.0
2 10.0 0.12 16073087.418546312 0.0 0.0 99621.7404372483 0.0 0.0
1 5.9736e+24 6371000.0 4.003844282099321e-20 0.0 0.0 6.332445854366757e-22 0.0 0.0
2 10.0 0.12 16074083.635796456 0.0 0.0 99621.72501444361 0.0 0.0
1 5.9736e+24 6371000.0 4.0044775524998325e-20 0.0 0.0 6.332704005114019e-22 0.0 0.0
2 10.0 0.12 16075079.852892391 0.0 0.0 99621.70959355058 0.0 0.0
1 5.9736e+24 6371000.0 4.005110848712219e-20 0.0 0.0 6.332962123865644e-22 0.0 0.0
2 10.0 0.12 16076076.069834137 0.0 0.0 99621.69417456884 0.0 0.0
1 5.9736e+24 6371000.0 4.005744170733282e-20 0.0 0.0 6.333220210627583e-22 0.0 0.0
2 10.0 0.12 16077072.286621712 0.0 0.0 99621.67875749803 0.0 0.0
1 5.9736e+24 6371000.0 4.0063775185598226e-20 0.0 0.0 6.333478265405788e-22 0.0 0.0
2 10.0 0.12 16078068.503255136 0.0 0.0 99621.6633423378 0.0 0.0
1 5.9736e+24 6371000.0 4.007010892188643e-20 0.0 0.0 6.33373628820621e-22 0.0 0.0
2 10.0 0.12 16079064.719734427 0.0 0.0 99621.64792908779 0.0 0.0
1 5.9736e+24 6371000.0 4.0076442916165463e-20 0.0 0.0 6.333994279034797e-22 0.0 0.0
2 10.0 0.12 16080060.936059603 0.0 0.0 99621.63251774765 0.0 0.0
1 5.9736e+24 6371000.0 4.008277716840336e-20 0.0 0.0 6.334252237897496e-22 0.0 0.0
2 10.0 0.12 16081057.152230687 0.0 0.0 99621.61710831703 0.0 0.0
1 5.9736e+24 6371000.0 4.0089111678568163e-20 0.0 0.0 6.334510164800252e-22 0.0 0.0
2 10.0 0.12 16082053.368247695 0.0 0.0 99621.60170079557 0.0 0.0
1 5.9736e+24 6371000.0 4.0095446446627913e-20 0.0 0.0 6.33476805974901e-22 0.0 0.0
2 10.0 0.12 16083049.584110647 0.0 0.0 99621.5862951829 0.0 0.0
1 5.9736e+24 6371000.0 4.0101781472550664e-20 0.0 0.0 6.335025922749711e-22 0.0 0.0
2 10.0 0.12 16084045.799819563 0.0 0.0 99621.5708914787 0.0 0.0
1 5.9736e+24 6371000.0 4.010811675630447e-20 0.0 0.0 6.335283753808299e-22 0.0 0.0
2 10.0 0.12 16085042.01537446 0.0 0.0 99621.55548968258 0.0 0.0
1 5.9736e+24 6371000.0 4.01144522978574e-20 0.0 0.0 6.335541552930712e-22 0.0 0.0
2 10.0 0.12 16086038.230775358 0.0 0.0 99621.5400897942 0.0 0.0
1 5.9736e+24 6371000.0 4.0120788097177526e-20 0.0 0.0 6.335799320122888e-22 0.0 0.0
2 10.0 0.12 16087034.446022276 0.0 0.0 99621.5246918132 0.0 0.0
1 5.9736e+24 6371000.0 4.0127124154232914e-20 0.0 0.0 6.336057055390764e-22 0.0 0.0
2 10.0 0.12 16088030.661115233 0.0 0.0 99621.50929573925 0.0 0.0
1 5.9736e+24 6371000.0 4.0133460468991655e-20 0.0 0.0 6.336314758740276e-22 0.0 0.0
2 10.0 0.12 16089026.876054248 0.0 0.0 99621.49390157196 0.0 0.0
1 5.9736e+24 6371000.0 4.0139797041421834e-20 0.0 0.0 6.336572430177357e-22 0.0 0.0
2 10.0 0.12 16090023.090839341 0.0 0.0 99621.478509311 0.0 0.0
1 5.9736e+24 6371000.0 4.014613387149154e-20 0.0 0.0 6.33683006970794e-22 0.0 0.0
2 10.0 0.12 16091019.30547053 0.0 0.0 99621.463118956 0.0 0.0
1 5.9736e+24 6371000.0 4.015247095916888e-20 0.0 0.0 6.337087677337955e-22 0.0 0.0
2 10.0 0.12 16092015.519947834 0.0 0.0 99621.44773050661 0.0 0.0
1 5.9736e+24 6371000.0 4.015880830442195e-20 0.0 0.0 6.337345253073332e-22 0.0 0.0
2 10.0 0.12 16093011.734271273 0.0 0.0 99621.43234396249 0.0 0.0
1 5.9736e+24 6371000.0 4.016514590721887e-20 0.0 0.0 6.337602796919998e-22 0.0 0.0
2 10.0 0.12 16094007.948440867 0.0 0.0 99621.41695932327 0.0 0.0
1 5.9736e+24 6371000.0 4.0171483767527756e-20 0.0 0.0 6.337860308883881e-22 0.0 0.0
2 10.0 0.12 16095004.162456632 0.0 0.0 99621.40157658859 0.0 0.0
1 5.9736e+24 6371000.0 4.0177821885316725e-20 0.0 0.0 6.338117788970904e-22 0.0 0.0
2 10.0 0.12 16096000.376318589 0.0 0.0 99621.38619575811 0.0 0.0
1 5.9736e+24 6371000.0 4.018416026055391e-20 0.0 0.0 6.338375237186992e-22 0.0 0.0
2 10.0 0.12 16096996.590026757 0.0 0.0 99621.37081683148 0.0 0.0
1 5.9736e+24 6371000.0 4.019049889320745e-20 0.0 0.0 6.338632653538067e-22 0.0 0.0
2 10.0 0.12 16097992.803581154 0.0 0.0 99621.35543980834 0.0 0.0
1 5.9736e+24 6371000.0 4.019683778324548e-20 0.0 0.0 6.338890038030049e-22 0.0 0.0
2 10.0 0.12 16098989.016981801 0.0 0.0 99621.34006468832 0.0 0.0
1 5.9736e+24 6371000.0 4.0203176930636144e-20 0.0 0.0 6.339147390668858e-22 0.0 0.0
2 10.0 0.12 16099985.230228717 0.0 0.0 99621.32469147109 0.0 0.0
1 5.9736e+24 6371000.0 4.02095163353476e-20 0.0 0.0 6.33940471146041e-22 0.0 0.0
2 10.0 0.12 16100981.443321917 0.0 0.0 99621.30932015629 0.0 0.0
1 5.9736e+24 6371000.0 4.021585599734801e-20 0.0 0.0 6.339662000410623e-22 0.0 0.0
2 10.0 0.12 16101977.656261425 0.0 0.0 99621.29395074355 0.0 0.0
1 5.9736e+24 6371000.0 4.022219591660554e-20 0.0 0.0 6.33991925752541e-22 0.0 0.0
2 10.0 0.12 16102973.869047258 0.0 0.0 99621.27858323255 0.0 0.0
1 5.9736e+24 6371000.0 4.022853609308835e-20 0.0 0.0 6.340176482810685e-22 0.0 0.0
2 10.0 0.12 16103970.081679434 0.0 0.0 99621.26321762291 0.0 0.0
1 5.9736e+24 6371000.0 4.023487652676462e-20 0.0 0.0 6.34043367627236e-22 0.0 0.0
2 10.0 0.12 16104966.294157973 0.0 0.0 99621.24785391428 0.0 0.0
1 5.9736e+24 6371000.0 4.024121721760254e-20 0.0 0.0 6.340690837916345e-22 0.0 0.0
2 10.0 0.12 16105962.506482894 0.0 0.0 99621.23249210631 0.0 0.0
1 5.9736e+24 6371000.0 4.0247558165570286e-20 0.0 0.0 6.34094796774855e-22 0.0 0.0
2 10.0 0.12 16106958.718654215 0.0 0.0 99621.21713219865 0.0 0.0
1 5.9736e+24 6371000.0 4.025389937063606e-20 0.0 0.0 6.3412050657748805e-22 0.0 0.0
2 10.0 0.12 16107954.930671956 0.0 0.0 99621.20177419095 0.0 0.0
1 5.9736e+24 6371000.0 4.026024083276806e-20 0.0 0.0 6.3414621320012435e-22 0.0 0.0
2 10.0 0.12 16108951.142536137 0.0 0.0 99621.18641808286 0.0 0.0
1 5.9736e+24 6371000.0 4.0266582551934495e-20 0.0 0.0 6.341719166433543e-22 0.0 0.0
2 10.0 0.12 16109947.354246777 0.0 0.0 99621.171063874 0.0 0.0
1 5.9736e+24 6371000.0 4.027292452810357e-20 0.0 0.0 6.341976169077683e-22 0.0 0.0
2 10.0 0.12 16110943.565803893 0.0 0.0 99621.15571156406 0.0 0.0
1 5.9736e+24 6371000.0 4.027926676124351e-20 0.0 0.0 6.342233139939564e-22 0.0 0.0
2 10.0 0.12 16111939.777207505 0.0 0.0 99621.14036115266 0.0 0.0
1 5.9736e+24 6371000.0 4.0285609251322536e-20 0.0 0.0 6.342490079025086e-22 0.0 0.0
2 10.0 0.12 16112935.988457631 0.0 0.0 99621.12501263944 0.0 0.0
1 5.9736e+24 6371000.0 4.0291951998308877e-20 0.0 0.0 6.342746986340148e-22 0.0 0.0
2 10.0 0.12 16113932.199554292 0.0 0.0 99621.10966602407 0.0 0.0
1 5.9736e+24 6371000.0 4.029829500217077e-20 0.0 0.0 6.343003861890647e-22 0.0 0.0
2 10.0 0.12 16114928.410497505 0.0 0.0 99621.09432130618 0.0 0.0
1 5.9736e+24 6371000.0 4.030463826287645e-20 0.0 0.0 6.343260705682479e-22 0.0 0.0
2 10.0 0.12 16115924.62128729 0.0 0.0 99621.07897848543 0.0 0.0
1 5.9736e+24 6371000.0 4.031098178039417e-20 0.0 0.0 6.343517517721537e-22 0.0 0.0
2 10.0 0.12 16116920.831923665 0.0 0.0 99621.06363756146 0.0 0.0
1 5.9736e+24 6371000.0 4.0317325554692184e-20 0.0 0.0 6.343774298013715e-22 0.0 0.0
2 10.0 0.12 16117917.04240665 0.0 0.0 99621.04829853392 0.0 0.0
1 5.9736e+24 6371000.0 4.032366958573875e-20 0.0 0.0 6.344031046564904e-22 0.0 0.0
2 10.0 0.12 16118913.252736265 0.0 0.0 99621.03296140247 0.0 0.0
1 5.9736e+24 6371000.0 4.033001387350213e-20 0.0 0.0 6.344287763380995e-22 0.0 0.0
2 10.0 0.12 16119909.462912526 0.0 0.0 99621.01762616674 0.0 0.0
1 5.9736e+24 6371000.0 4.03363584179506e-20 0.0 0.0 6.344544448467875e-22 0.0 0.0
2 10.0 0.12 16120905.672935454 0.0 0.0 99621.0022928264 0.0 0.0
1 5.9736e+24 6371000.0 4.034270321905243e-20 0.0 0.0 6.344801101831431e-22 0.0 0.0
2 10.0 0.12 16121901.882805068 0.0 0.0 99620.98696138107 0.0 0.0
1 5.9736e+24 6371000.0 4.034904827677591e-20 0.0 0.0 6.345057723477548e-22 0.0 0.0
2 10.0 0.12 16122898.092521386 0.0 0.0 99620.97163183043 0.0 0.0
1 5.9736e+24 6371000.0 4.035539359108932e-20 0.0 0.0 6.345314313412111e-22 0.0 0.0
2 10.0 0.12 16123894.302084427 0.0 0.0 99620.95630417409 0.0 0.0
1 5.9736e+24 6371000.0 4.036173916196096e-20 0.0 0.0 6.345570871641002e-22 0.0 0.0
2 10.0 0.12 16124890.511494212 0.0 0.0 99620.94097841173 0.0 0.0
1 5.9736e+24 6371000.0 4.036808498935913e-20 0.0 0.0 6.345827398170103e-22 0.0 0.0
2 10.0 0.12 16125886.720750757 0.0 0.0 99620.92565454298 0.0 0.0
1 5.9736e+24 6371000.0 4.037443107325214e-20 0.0 0.0 6.346083893005293e-22 0.0 0.0
2 10.0 0.12 16126882.929854082 0.0 0.0 99620.91033256751 0.0 0.0
1 5.9736e+24 6371000.0 4.038077741360829e-20 0.0 0.0 6.34634035615245e-22 0.0 0.0
2 10.0 0.12 16127879.138804207 0.0 0.0 99620.89501248495 0.0 0.0
1 5.9736e+24 6371000.0 4.03871240103959e-20 0.0 0.0 6.34659678761745e-22 0.0 0.0
2 10.0 0.12 16128875.34760115 0.0 0.0 99620.87969429496 0.0 0.0
1 5.9736e+24 6371000.0 4.039347086358331e-20 0.0 0.0 6.34685318740617e-22 0.0 0.0
2 10.0 0.12 16129871.556244928 0.0 0.0 99620.86437799718 0.0 0.0
1 5.9736e+24 6371000.0 4.039981797313884e-20 0.0 0.0 6.347109555524484e-22 0.0 0.0
2 10.0 0.12 16130867.764735565 0.0 0.0 99620.84906359126 0.0 0.0
1 5.9736e+24 6371000.0 4.0406165339030813e-20 0.0 0.0 6.347365891978262e-22 0.0 0.0
2 10.0 0.12 16131863.973073075 0.0 0.0 99620.83375107686 0.0 0.0
1 5.9736e+24 6371000.0 4.0412512961227586e-20 0.0 0.0 6.347622196773377e-22 0.0 0.0
2 10.0 0.12 16132860.181257479 0.0 0.0 99620.81844045362 0.0 0.0
1 5.9736e+24 6371000.0 4.0418860839697505e-20 0.0 0.0 6.347878469915699e-22 0.0 0.0
2 10.0 0.12 16133856.389288796 0.0 0.0 99620.80313172119 0.0 0.0
1 5.9736e+24 6371000.0 4.042520897440892e-20 0.0 0.0 6.348134711411093e-22 0.0 0.0
2 10.0 0.12 16134852.597167045 0.0 0.0 99620.78782487921 0.0 0.0
1 5.9736e+24 6371000.0 4.0431557365330185e-20 0.0 0.0 6.348390921265429e-22 0.0 0.0
2 10.0 0.12 16135848.804892244 0.0 0.0 99620.77251992736 0.0 0.0
1 5.9736e+24 6371000.0 4.043790601242967e-20 0.0 0.0 6.3486470994845695e-22 0.0 0.0
2 10.0 0.12 16136845.012464412 0.0 0.0 99620.75721686526 0.0 0.0
1 5.9736e+24 6371000.0 4.044425491567574e-20 0.0 0.0 6.348903246074379e-22 0.0 0.0
2 10.0 0.12 16137841.219883569 0.0 0.0 99620.74191569256 0.0 0.0
1 5.9736e+24 6371000.0 4.045060407503678e-20 0.0 0.0 6.34915936104072e-22 0.0 0.0
2 10.0 0.12 16138837.427149734 0.0 0.0 99620.72661640894 0.0 0.0
1 5.9736e+24 6371000.0 4.045695349048117e-20 0.0 0.0 6.349415444389454e-22 0.0 0.0
2 10.0 0.12 16139833.634262923 0.0 0.0 99620.71131901402 0.0 0.0
1 5.9736e+24 6371000.0 4.0463303161977294e-20 0.0 0.0 6.349671496126439e-22 0.0 0.0
2 10.0 0.12 16140829.841223158 0.0 0.0 99620.69602350747 0.0 0.0
1 5.9736e+24 6371000.0 4.046965308949355e-20 0.0 0.0 6.349927516257533e-22 0.0 0.0
2 10.0 0.12 16141826.048030457 0.0 0.0 99620.68072988892 0.0 0.0
1 5.9736e+24 6371000.0 4.047600327299834e-20 0.0 0.0 6.350183504788594e-22 0.0 0.0
2 10.0 0.12 16142822.254684838 0.0 0.0 99620.66543815803 0.0 0.0
1 5.9736e+24 6371000.0 4.048235371246007e-20 0.0 0.0 6.350439461725475e-22 0.0 0.0
2 10.0 0.12 16143818.461186321 0.0 0.0 99620.65014831445 0.0 0.0
1 5.9736e+24 6371000.0 4.048870440784714e-20 0.0 0.0 6.35069538707403e-22 0.0 0.0
2 10.0 0.12 16144814.667534925 0.0 0.0 99620.63486035784 0.0 0.0
1 5.9736e+24 6371000.0 4.049505535912798e-20 0.0 0.0 6.350951280840113e-22 0.0 0.0
2 10.0 0.12 16145810.873730669 0.0 0.0 99620.61957428783 0.0 0.0
1 5.9736e+24 6371000.0 4.050140656627101e-20 0.0 0.0 6.351207143029572e-22 0.0 0.0
2 10.0 0.12 16146807.07977357 0.0 0.0 99620.60429010408 0.0 0.0
1 5.9736e+24 6371000.0 4.050775802924466e-20 0.0 0.0 6.351462973648258e-22 0.0 0.0
2 10.0 0.12 16147803.285663648 0.0 0.0 99620.58900780624 0.0 0.0
1 5.9736e+24 6371000.0 4.051410974801737e-20 0.0 0.0 6.351718772702018e-22 0.0 0.0
2 10.0 0.12 16148799.491400922 0.0 0.0 99620.57372739396 0.0 0.0
1 5.9736e+24 6371000.0 4.0520461722557565e-20 0.0 0.0 6.3519745401966975e-22 0.0 0.0
2 10.0 0.12 16149795.69698541 0.0 0.0 99620.5584488669 0.0 0.0
1 5.9736e+24 6371000.0 4.05268139528337e-20 0.0 0.0 6.352230276138143e-22 0.0 0.0
2 10.0 0.12 16150791.902417133 0.0 0.0 99620.5431722247 0.0 0.0
1 5.9736e+24 6371000.0 4.053316643881423e-20 0.0 0.0 6.352485980532196e-22 0.0 0.0
2 10.0 0.12 16151788.107696107 0.0 0.0 99620.52789746702 0.0 0.0
1 5.9736e+24 6371000.0 4.053951918046761e-20 0.0 0.0 6.352741653384701e-22 0.0 0.0
2 10.0 0.12 16152784.312822353 0.0 0.0 99620.51262459351 0.0 0.0
1 5.9736e+24 6371000.0 4.0545872177762315e-20 0.0 0.0 6.352997294701496e-22 0.0 0.0
2 10.0 0.12 16153780.517795889 0.0 0.0 99620.49735360382 0.0 0.0
1 5.9736e+24 6371000.0 4.05522254306668e-20 0.0 0.0 6.353252904488421e-22 0.0 0.0
2 10.0 0.12 16154776.722616734 0.0 0.0 99620.48208449759 0.0 0.0
1 5.9736e+24 6371000.0 4.055857893914955e-20 0.0 0.0 6.353508482751315e-22 0.0 0.0
2 10.0 0.12 16155772.927284908 0.0 0.0 99620.46681727449 0.0 0.0
1 5.9736e+24 6371000.0 4.0564932703179045e-20 0.0 0.0 6.353764029496013e-22 0.0 0.0
2 10.0 0.12 16156769.131800426 0.0 0.0 99620.45155193415 0.0 0.0
1 5.9736e+24 6371000.0 4.057128672272377e-20 0.0 0.0 6.354019544728349e-22 0.0 0.0
2 10.0 0.12 16157765.33616331 0.0 0.0 99620.43628847624 0.0 0.0
1 5.9736e+24 6371000.0 4.0577640997752225e-20 0.0 0.0 6.354275028454157e-22 0.0 0.0
2 10.0 0.12 16158761.540373579 0.0 0.0 99620.4210269004 0.0 0.0
1 5.9736e+24 6371000.0 4.05839955282329e-20 0.0 0.0 6.35453048067927e-22 0.0 0.0
2 10.0 0.12 16159757.744431252 0.0 0.0 99620.40576720628 0.0 0.0
1 5.9736e+24 6371000.0 4.0590350314134314e-20 0.0 0.0 6.354785901409516e-22 0.0 0.0
2 10.0 0.12 16160753.948336346 0.0 0.0 99620.39050939353 0.0 0.0
1 5.9736e+24 6371000.0 4.0596705355424966e-20 0.0 0.0 6.355041290650726e-22 0.0 0.0
2 10.0 0.12 16161750.15208888 0.0 0.0 99620.37525346183 0.0 0.0
1 5.9736e+24 6371000.0 4.0603060652073375e-20 0.0 0.0 6.355296648408728e-22 0.0 0.0
2 10.0 0.12 16162746.355688876 0.0 0.0 99620.3599994108 0.0 0.0
1 5.9736e+24 6371000.0 4.0609416204048065e-20 0.0 0.0 6.355551974689346e-22 0.0 0.0
2 10.0 0.12 16163742.559136348 0.0 0.0 99620.34474724009 0.0 0.0
1 5.9736e+24 6371000.0 4.0615772011317565e-20 0.0 0.0 6.355807269498406e-22 0.0 0.0
2 10.0 0.12 16164738.762431318 0.0 0.0 99620.32949694937 0.0 0.0
1 5.9736e+24 6371000.0 4.062212807385041e-20 0.0 0.0 6.356062532841731e-22 0.0 0.0
2 10.0 0.12 16165734.965573803 0.0 0.0 99620.3142485383 0.0 0.0
1 5.9736e+24 6371000.0 4.062848439161513e-20 0.0 0.0 6.356317764725142e-22 0.0 0.0
2 10.0 0.12 16166731.168563822 0.0 0.0 99620.29900200652 0.0 0.0
1 5.9736e+24 6371000.0 4.063484096458029e-20 0.0 0.0 6.356572965154461e-22 0.0 0.0
2 10.0 0.12 16167727.371401396 0.0 0.0 99620.28375735367 0.0 0.0
1 5.9736e+24 6371000.0 4.0641197792714427e-20 0.0 0.0 6.356828134135506e-22 0.0 0.0
2 10.0 0.12 16168723.574086541 0.0 0.0 99620.26851457941 0.0 0.0
1 5.9736e+24 6371000.0 4.06475548759861e-20 0.0 0.0 6.3570832716740945e-22 0.0 0.0
2 10.0 0.12 16169719.776619278 0.0 0.0 99620.25327368341 0.0 0.0
1 5.9736e+24 6371000.0 4.065391221436388e-20 0.0 0.0 6.357338377776043e-22 0.0 0.0
2 10.0 0.12 16170715.978999624 0.0 0.0 99620.23803466531 0.0 0.0
1 5.9736e+24 6371000.0 4.066026980781632e-20 0.0 0.0 6.357593452447165e-22 0.0 0.0
2 10.0 0.12 16171712.1812276 0.0 0.0 99620.22279752475 0.0 0.0
1 5.9736e+24 6371000.0 4.0666627656312013e-20 0.0 0.0 6.357848495693275e-22 0.0 0.0
2 10.0 0.12 16172708.383303223 0.0 0.0 99620.2075622614 0.0 0.0
1 5.9736e+24 6371000.0 4.0672985759819535e-20 0.0 0.0 6.358103507520184e-22 0.0 0.0
2 10.0 0.12 16173704.585226512 0.0 0.0 99620.19232887491 0.0 0.0
1 5.9736e+24 6371000.0 4.067934411830747e-20 0.0 0.0 6.358358487933703e-22 0.0 0.0
2 10.0 0.12 16174700.786997486 0.0 0.0 99620.17709736493 0.0 0.0
1 5.9736e+24 6371000.0 4.068570273174441e-20 0.0 0.0 6.358613436939639e-22 0.0 0.0
2 10.0 0.12 16175696.988616163 0.0 0.0 99620.1618677311 0.0 0.0
1 5.9736e+24 6371000.0 4.069206160009895e-20 0.0 0.0 6.358868354543802e-22 0.0 0.0
2 10.0 0.12 16176693.190082563 0.0 0.0 99620.1466399731 0.0 0.0
1 5.9736e+24 6371000.0 4.0698420723339703e-20 0.0 0.0 6.359123240751997e-22 0.0 0.0
2 10.0 0.12 16177689.391396703 0.0 0.0 99620.13141409057 0.0 0.0
1 5.9736e+24 6371000.0 4.0704780101435276e-20 0.0 0.0 6.359378095570028e-22 0.0 0.0
2 10.0 0.12 16178685.592558604 0.0 0.0 99620.11619008316 0.0 0.0
1 5.9736e+24 6371000.0 4.071113973435428e-20 0.0 0.0 6.359632919003699e-22 0.0 0.0
2 10.0 0.12 16179681.793568283 0.0 0.0 99620.10096795054 0.0 0.0
1 5.9736e+24 6371000.0 4.0717499622065336e-20 0.0 0.0 6.359887711058811e-22 0.0 0.0
2 10.0 0.12 16180677.99442576 0.0 0.0 99620.08574769233 0.0 0.0
1 5.9736e+24 6371000.0 4.0723859764537075e-20 0.0 0.0 6.360142471741165e-22 0.0 0.0
2 10.0 0.12 16181674.195131054 0.0 0.0 99620.0705293082 0.0 0.0
1 5.9736e+24 6371000.0 4.0730220161738134e-20 0.0 0.0 6.36039720105656e-22 0.0 0.0
2 10.0 0.12 16182670.395684183 0.0 0.0 99620.05531279782 0.0 0.0
1 5.9736e+24 6371000.0 4.0736580813637145e-20 0.0 0.0 6.360651899010793e-22 0.0 0.0
2 10.0 0.12 16183666.596085165 0.0 0.0 99620.04009816083 0.0 0.0
1 5.9736e+24 6371000.0 4.074294172020276e-20 0.0 0.0 6.360906565609659e-22 0.0 0.0
2 10.0 0.12 16184662.796334019 0.0 0.0 99620.02488539688 0.0 0.0
1 5.9736e+24 6371000.0 4.0749302881403615e-20 0.0 0.0 6.361161200858954e-22 0.0 0.0
2 10.0 0.12 16185658.996430764 0.0 0.0 99620.00967450562 0.0 0.0
1 5.9736e+24 6371000.0 4.075566429720838e-20 0.0 0.0 6.361415804764471e-22 0.0 0.0
2 10.0 0.12 16186655.196375418 0.0 0.0 99619.99446548673 0.0 0.0
1 5.9736e+24 6371000.0 4.076202596758571e-20 0.0 0.0 6.361670377332001e-22 0.0 0.0
2 10.0 0.12 16187651.396168001 0.0 0.0 99619.97925833984 0.0 0.0
1 5.9736e+24 6371000.0 4.0768387892504275e-20 0.0 0.0 6.361924918567335e-22 0.0 0.0
2 10.0 0.12 16188647.595808532 0.0 0.0 99619.9640530646 0.0 0.0
1 5.9736e+24 6371000.0 4.077475007193275e-20 0.0 0.0 6.362179428476261e-22 0.0 0.0
2 10.0 0.12 16189643.795297028 0.0 0.0 99619.94884966068 0.0 0.0
1 5.9736e+24 6371000.0 4.0781112505839814e-20 0.0 0.0 6.362433907064568e-22 0.0 0.0
2 10.0 0.12 16190639.994633509 0.0 0.0 99619.93364812773 0.0 0.0
1 5.9736e+24 6371000.0 4.078747519419415e-20 0.0 0.0 6.362688354338041e-22 0.0 0.0
2 10.0 0.12 16191636.193817994 0.0 0.0 99619.9184484654 0.0 0.0
1 5.9736e+24 6371000.0 4.0793838136964454e-20 0.0 0.0 6.362942770302464e-22 0.0 0.0
2 10.0 0.12 16192632.3928505 0.0 0.0 99619.90325067335 0.0 0.0
1 5.9736e+24 6371000.0 4.080020133411942e-20 0.0 0.0 6.363197154963621e-22 0.0 0.0
2 10.0 0.12 16193628.591731047 0.0 0.0 99619.88805475122 0.0 0.0
1 5.9736e+24 6371000.0 4.080656478562775e-20 0.0 0.0 6.363451508327293e-22 0.0 0.0
2 10.0 0.12 16194624.790459653 0.0 0.0 99619.87286069868 0.0 0.0
1 5.9736e+24 6371000.0 4.0812928491458145e-20 0.0 0.0 6.363705830399261e-22 0.0 0.0
2 10.0 0.12 16195620.989036338 0.0 0.0 99619.8576685154 0.0 0.0
1 5.9736e+24 6371000.0 4.081929245157933e-20 0.0 0.0 6.363960121185304e-22 0.0 0.0
2 10.0 0.12 16196617.187461121 0.0 0.0 99619.842478201 0.0 0.0
1 5.9736e+24 6371000.0 4.082565666596002e-20 0.0 0.0 6.364214380691199e-22 0.0 0.0
2 10.0 0.12 16197613.385734018 0.0 0.0 99619.82728975515 0.0 0.0
1 5.9736e+24 6371000.0 4.083202113456894e-20 0.0 0.0 6.364468608922723e-22 0.0 0.0
2 10.0 0.12 16198609.58385505 0.0 0.0 99619.81210317751 0.0 0.0
1 5.9736e+24 6371000.0 4.0838385857374825e-20 0.0 0.0 6.364722805885649e-22 0.0 0.0
2 10.0 0.12 16199605.781824235 0.0 0.0 99619.79691846773 0.0 0.0
1 5.9736e+24 6371000.0 4.084475083434641e-20 0.0 0.0 6.364976971585751e-22 0.0 0.0
2 10.0 0.12 16200601.97964159 0.0 0.0 99619.78173562547 0.0 0.0
1 5.9736e+24 6371000.0 4.085111606545244e-20 0.0 0.0 6.365231106028801e-22 0.0 0.0
2 10.0 0.12 16201598.177307136 0.0 0.0 99619.76655465037 0.0 0.0
1 5.9736e+24 6371000.0 4.085748155066166e-20 0.0 0.0 6.365485209220569e-22 0.0 0.0
2 10.0 0.12 16202594.374820892 0.0 0.0 99619.75137554211 0.0 0.0
1 5.9736e+24 6371000.0 4.0863847289942826e-20 0.0 0.0 6.365739281166824e-22 0.0 0.0
2 10.0 0.12 16203590.572182875 0.0 0.0 99619.73619830032 0.0 0.0
1 5.9736e+24 6371000.0 4.08702132832647e-20 0.0 0.0 6.365993321873334e-22 0.0 0.0
2 10.0 0.12 16204586.769393105 0.0 0.0 99619.72102292467 0.0 0.0
1 5.9736e+24 6371000.0 4.0876579530596043e-20 0.0 0.0 6.366247331345864e-22 0.0 0.0
2 10.0 0.12 16205582.966451598 0.0 0.0 99619.70584941482 0.0 0.0
1 5.9736e+24 6371000.0 4.0882946031905636e-20 0.0 0.0 6.36650130959018e-22 0.0 0.0
2 10.0 0.12 16206579.163358375 0.0 0.0 99619.69067777041 0.0 0.0
1 5.9736e+24 6371000.0 4.088931278716225e-20 0.0 0.0 6.366755256612045e-22 0.0 0.0
2 10.0 0.12 16207575.360113455 0.0 0.0 99619.67550799111 0.0 0.0
1 5.9736e+24 6371000.0 4.089567979633467e-20 0.0 0.0 6.36700917241722e-22 0.0 0.0
2 10.0 0.12 16208571.556716856 0.0 0.0 99619.66034007657 0.0 0.0
1 5.9736e+24 6371000.0 4.090204705939168e-20 0.0 0.0 6.367263057011466e-22 0.0 0.0
2 10.0 0.12 16209567.753168596 0.0 0.0 99619.64517402645 0.0 0.0
1 5.9736e+24 6371000.0 4.0908414576302077e-20 0.0 0.0 6.367516910400541e-22 0.0 0.0
2 10.0 0.12 16210563.949468695 0.0 0.0 99619.6300098404 0.0 0.0
1 5.9736e+24 6371000.0 4.0914782347034665e-20 0.0 0.0 6.367770732590204e-22 0.0 0.0
2 10.0 0.12 16211560.14561717 0.0 0.0 99619.61484751808 0.0 0.0
1 5.9736e+24 6371000.0 4.092115037155825e-20 0.0 0.0 6.368024523586211e-22 0.0 0.0
2 10.0 0.12 16212556.341614041 0.0 0.0 99619.59968705915 0.0 0.0
1 5.9736e+24 6371000.0 4.0927518649841645e-20 0.0 0.0 6.368278283394315e-22 0.0 0.0
2 10.0 0.12 16213552.537459327 0.0 0.0 99619.58452846325 0.0 0.0
1 5.9736e+24 6371000.0 4.093388718185367e-20 0.0 0.0 6.368532012020272e-22 0.0 0.0
2 10.0 0.12 16214548.733153043 0.0 0.0 99619.56937173005 0.0 0.0
1 5.9736e+24 6371000.0 4.094025596756314e-20 0.0 0.0 6.368785709469831e-22 0.0 0.0
2 10.0 0.12 16215544.928695211 0.0 0.0 99619.5542168592 0.0 0.0
1 5.9736e+24 6371000.0 4.094662500693889e-20 0.0 0.0 6.369039375748745e-22 0.0 0.0
2 10.0 0.12 16216541.12408585 0.0 0.0 99619.53906385036 0.0 0.0
1 5.9736e+24 6371000.0 4.095299429994975e-20 0.0 0.0 6.369293010862763e-22 0.0 0.0
2 10.0 0.12 16217537.319324976 0.0 0.0 99619.52391270318 0.0 0.0
1 5.9736e+24 6371000.0 4.0959363846564566e-20 0.0 0.0 6.369546614817631e-22 0.0 0.0
2 10.0 0.12 16218533.51441261 0.0 0.0 99619.50876341734 0.0 0.0
1 5.9736e+24 6371000.0 4.096573364675218e-20 0.0 0.0 6.369800187619095e-22 0.0 0.0
2 10.0 0.12 16219529.70934877 0.0 0.0 99619.49361599247 0.0 0.0
1 5.9736e+24 6371000.0 4.097210370048145e-20 0.0 0.0 6.370053729272902e-22 0.0 0.0
2 10.0 0.12 16220525.904133474 0.0 0.0 99619.47847042824 0.0 0.0
1 5.9736e+24 6371000.0 4.0978474007721236e-20 0.0 0.0 6.370307239784794e-22 0.0 0.0
2 10.0 0.12 16221522.098766742 0.0 0.0 99619.4633267243 0.0 0.0
1 5.9736e+24 6371000.0 4.0984844568440394e-20 0.0 0.0 6.370560719160513e-22 0.0 0.0
2 10.0 0.12 16222518.293248592 0.0 0.0 99619.44818488031 0.0 0.0
1 5.9736e+24 6371000.0 4.09912153826078e-20 0.0 0.0 6.370814167405801e-22 0.0 0.0
2 10.0 0.12 16223514.48757904 0.0 0.0 99619.43304489594 0.0 0.0
1 5.9736e+24 6371000.0 4.0997586450192325e-20 0.0 0.0 6.371067584526395e-22 0.0 0.0
2 10.0 0.12 16224510.681758108 0.0 0.0 99619.41790677082 0.0 0.0
1 5.9736e+24 6371000.0 4.1003957771162855e-20 0.0 0.0 6.371320970528034e-22 0.0 0.0
2 10.0 0.12 16225506.875785813 0.0 0.0 99619.40277050462 0.0 0.0
1 5.9736e+24 6371000.0 4.101032934548827e-20 0.0 0.0 6.371574325416455e-22 0.0 0.0
2 10.0 0.12 16226503.069662174 0.0 0.0 99619.387636097 0.0 0.0
1 5.9736e+24 6371000.0 4.101670117313747e-20 0.0 0.0 6.371827649197391e-22 0.0 0.0
2 10.0 0.12 16227499.263387209 0.0 0.0 99619.37250354762 0.0 0.0
1 5.9736e+24 6371000.0 4.102307325407935e-20 0.0 0.0 6.372080941876577e-22 0.0 0.0
2 10.0 0.12 16228495.456960937 0.0 0.0 99619.35737285615 0.0 0.0
1 5.9736e+24 6371000.0 4.102944558828281e-20 0.0 0.0 6.372334203459745e-22 0.0 0.0
2 10.0 0.12 16229491.650383377 0.0 0.0 99619.34224402222 0.0 0.0
1 5.9736e+24 6371000.0 4.1035818175716763e-20 0.0 0.0 6.372587433952626e-22 0.0 0.0
2 10.0 0.12 16230487.843654549 0.0 0.0 99619.3271170455 0.0 0.0
1 5.9736e+24 6371000.0 4.104219101635012e-20 0.0 0.0 6.372840633360949e-22 0.0 0.0
2 10.0 0.12 16231484.036774468 0.0 0.0 99619.31199192564 0.0 0.0
1 5.9736e+24 6371000.0 4.104856411015181e-20 0.0 0.0 6.373093801690441e-22 0.0 0.0
2 10.0 0.12 16232480.229743155 0.0 0.0 99619.2968686623 0.0 0.0
1 5.9736e+24 6371000.0 4.1054937457090756e-20 0.0 0.0 6.373346938946829e-22 0.0 0.0
2 10.0 0.12 16233476.422560627 0.0 0.0 99619.28174725515 0.0 0.0
1 5.9736e+24 6371000.0 4.106131105713589e-20 0.0 0.0 6.3736000451358395e-22 0.0 0.0
2 10.0 0.12 16234472.615226904 0.0 0.0 99619.26662770385 0.0 0.0
1 5.9736e+24 6371000.0 4.106768491025615e-20 0.0 0.0 6.373853120263195e-22 0.0 0.0
2 10.0 0.12 16235468.807742003 0.0 0.0 99619.25151000805 0.0 0.0
1 5.9736e+24 6371000.0 4.1074059016420483e-20 0.0 0.0 6.3741061643346175e-22 0.0 0.0
2 10.0 0.12 16236465.000105945 0.0 0.0 99619.2363941674 0.0 0.0
1 5.9736e+24 6371000.0 4.108043337559784e-20 0.0 0.0 6.374359177355828e-22 0.0 0.0
2 10.0 0.12 16237461.192318747 0.0 0.0 99619.22128018156 0.0 0.0
1 5.9736e+24 6371000.0 4.108680798775717e-20 0.0 0.0 6.374612159332547e-22 0.0 0.0
2 10.0 0.12 16238457.384380428 0.0 0.0 99619.2061680502 0.0 0.0
1 5.9736e+24 6371000.0 4.1093182852867444e-20 0.0 0.0 6.374865110270491e-22 0.0 0.0
2 10.0 0.12 16239453.576291006 0.0 0.0 99619.19105777296 0.0 0.0
1 5.9736e+24 6371000.0 4.109955797089762e-20 0.0 0.0 6.375118030175377e-22 0.0 0.0
2 10.0 0.12 16240449.7680505 0.0 0.0 99619.17594934952 0.0 0.0
1 5.9736e+24 6371000.0 4.1105933341816675e-20 0.0 0.0 6.375370919052922e-22 0.0 0.0
2 10.0 0.12 16241445.959658926 0.0 0.0 99619.16084277953 0.0 0.0
1 5.9736e+24 6371000.0 4.111230896559358e-20 0.0 0.0 6.375623776908838e-22 0.0 0.0
2 10.0 0.12 16242442.151116308 0.0 0.0 99619.14573806265 0.0 0.0
1 5.9736e+24 6371000.0 4.111868484219733e-20 0.0 0.0 6.375876603748838e-22 0.0 0.0
2 10.0 0.12 16243438.34242266 0.0 0.0 99619.13063519854 0.0 0.0
1 5.9736e+24 6371000.0 4.112506097159691e-20 0.0 0.0 6.376129399578633e-22 0.0 0.0
2 10.0 0.12 16244434.533578003 0.0 0.0 99619.11553418686 0.0 0.0
1 5.9736e+24 6371000.0 4.1131437353761315e-20 0.0 0.0 6.376382164403932e-22 0.0 0.0
2 10.0 0.12 16245430.724582354 0.0 0.0 99619.10043502726 0.0 0.0
1 5.9736e+24 6371000.0 4.113781398865954e-20 0.0 0.0 6.376634898230444e-22 0.0 0.0
2 10.0 0.12 16246426.915435731 0.0 0.0 99619.0853377194 0.0 0.0
1 5.9736e+24 6371000.0 4.1144190876260604e-20 0.0 0.0 6.376887601063875e-22 0.0 0.0
2 10.0 0.12 16247423.106138155 0.0 0.0 99619.07024226294 0.0 0.0
1 5.9736e+24 6371000.0 4.1150568016533514e-20 0.0 0.0 6.377140272909932e-22 0.0 0.0
2 10.0 0.12 16248419.29668964 0.0 0.0 99619.05514865754 0.0 0.0
1 5.9736e+24 6371000.0 4.115694540944729e-20 0.0 0.0 6.377392913774318e-22 0.0 0.0
2 10.0 0.12 16249415.48709021 0.0 0.0 99619.04005690287 0.0 0.0
1 5.9736e+24 6371000.0 4.1163323054970956e-20 0.0 0.0 6.377645523662735e-22 0.0 0.0
2 10.0 0.12 16250411.67733988 0.0 0.0 99619.02496699858 0.0 0.0
1 5.9736e+24 6371000.0 4.116970095307354e-20 0.0 0.0 6.377898102580886e-22 0.0 0.0
2 10.0 0.12 16251407.867438668 0.0 0.0 99619.00987894433 0.0 0.0
1 5.9736e+24 6371000.0 4.117607910372407e-20 0.0 0.0 6.378150650534469e-22 0.0 0.0
2 10.0 0.12 16252404.057386596 0.0 0.0 99618.99479273977 0.0 0.0
1 5.9736e+24 6371000.0 4.11824575068916e-20 0.0 0.0 6.378403167529184e-22 0.0 0.0
2 10.0 0.12 16253400.247183679 0.0 0.0 99618.97970838458 0.0 0.0
1 5.9736e+24 6371000.0 4.118883616254517e-20 0.0 0.0 6.378655653570727e-22 0.0 0.0
2 10.0 0.12 16254396.436829938 0.0 0.0 99618.9646258784 0.0 0.0
1 5.9736e+24 6371000.0 4.1195215070653836e-20 0.0 0.0 6.378908108664794e-22 0.0 0.0
2 10.0 0.12 16255392.62632539 0.0 0.0 99618.94954522091 0.0 0.0
1 5.9736e+24 6371000.0 4.120159423118665e-20 0.0 0.0 6.379160532817078e-22 0.0 0.0
2 10.0 0.12 16256388.815670054 0.0 0.0 99618.93446641175 0.0 0.0
1 5.9736e+24 6371000.0 4.120797364411268e-20 0.0 0.0 6.379412926033274e-22 0.0 0.0
2 10.0 0.12 16257385.00486395 0.0 0.0 99618.91938945059 0.0 0.0
1 5.9736e+24 6371000.0 4.1214353309401e-20 0.0 0.0 6.379665288319073e-22 0.0 0.0
2 10.0 0.12 16258381.193907093 0.0 0.0 99618.90431433708 0.0 0.0
1 5.9736e+24 6371000.0 4.122073322702068e-20 0.0 0.0 6.379917619680164e-22 0.0 0.0
2 10.0 0.12 16259377.382799504 0.0 0.0 99618.8892410709 0.0 0.0
1 5.9736e+24 6371000.0 4.12271133969408e-20 0.0 0.0 6.380169920122235e-22 0.0 0.0
2 10.0 0.12 16260373.571541201 0.0 0.0 99618.87416965168 0.0 0.0
1 5.9736e+24 6371000.0 4.1233493819130447e-20 0.0 0.0 6.380422189650975e-22 0.0 0.0
2 10.0 0.12 16261369.760132203 0.0 0.0 99618.8591000791 0.0 0.0
1 5.9736e+24 6371000.0 4.123987449355872e-20 0.0 0.0 6.380674428272069e-22 0.0 0.0
2 10.0 0.12 16262365.948572526 0.0 0.0 99618.84403235283 0.0 0.0
1 5.9736e+24 6371000.0 4.124625542019471e-20 0.0 0.0 6.380926635991201e-22 0.0 0.0
2 10.0 0.12 16263362.13686219 0.0 0.0 99618.82896647253 0.0 0.0
1 5.9736e+24 6371000.0 4.1252636599007524e-20 0.0 0.0 6.381178812814056e-22 0.0 0.0
2 10.0 0.12 16264358.325001216 0.0 0.0 99618.81390243785 0.0 0.0
1 5.9736e+24 6371000.0 4.125901802996627e-20 0.0 0.0 6.381430958746313e-22 0.0 0.0
2 10.0 0.12 16265354.512989618 0.0 0.0 99618.79884024843 0.0 0.0
1 5.9736e+24 6371000.0 4.1265399713040065e-20 0.0 0.0 6.381683073793655e-22 0.0 0.0
2 10.0 0.12 16266350.700827416 0.0 0.0 99618.78377990397 0.0 0.0
1 5.9736e+24 6371000.0 4.127178164819803e-20 0.0 0.0 6.3819351579617585e-22 0.0 0.0
2 10.0 0.12 16267346.88851463 0.0 0.0 99618.7687214041 0.0 0.0
1 5.9736e+24 6371000.0 4.1278163835409285e-20 0.0 0.0 6.382187211256302e-22 0.0 0.0
2 10.0 0.12 16268343.076051278 0.0 0.0 99618.75366474851 0.0 0.0
1 5.9736e+24 6371000.0 4.128454627464297e-20 0.0 0.0 6.382439233682963e-22 0.0 0.0
2 10.0 0.12 16269339.263437377 0.0 0.0 99618.73860993683 0.0 0.0
1 5.9736e+24 6371000.0 4.1290928965868215e-20 0.0 0.0 6.382691225247414e-22 0.0 0.0
2 10.0 0.12 16270335.450672947 0.0 0.0 99618.72355696873 0.0 0.0
1 5.9736e+24 6371000.0 4.129731190905417e-20 0.0 0.0 6.382943185955329e-22 0.0 0.0
2 10.0 0.12 16271331.637758005 0.0 0.0 99618.70850584388 0.0 0.0
1 5.9736e+24 6371000.0 4.1303695104169986e-20 0.0 0.0 6.38319511581238e-22 0.0 0.0
2 10.0 0.12 16272327.824692572 0.0 0.0 99618.69345656194 0.0 0.0
1 5.9736e+24 6371000.0 4.131007855118481e-20 0.0 0.0 6.383447014824237e-22 0.0 0.0
2 10.0 0.12 16273324.011476662 0.0 0.0 99618.67840912257 0.0 0.0
1 5.9736e+24 6371000.0 4.13164622500678e-20 0.0 0.0 6.38369888299657e-22 0.0 0.0
2 10.0 0.12 16274320.198110297 0.0 0.0 99618.66336352543 0.0 0.0
1 5.9736e+24 6371000.0 4.132284620078814e-20 0.0 0.0 6.383950720335047e-22 0.0 0.0
2 10.0 0.12 16275316.384593494 0.0 0.0 99618.64831977017 0.0 0.0
1 5.9736e+24 6371000.0 4.132923040331498e-20 0.0 0.0 6.384202526845334e-22 0.0 0.0
2 10.0 0.12 16276312.570926273 0.0 0.0 99618.63327785648 0.0 0.0
1 5.9736e+24 6371000.0 4.1335614857617515e-20 0.0 0.0 6.384454302533095e-22 0.0 0.0
2 10.0 0.12 16277308.757108651 0.0 0.0 99618.618237784 0.0 0.0
1 5.9736e+24 6371000.0 4.1341999563664917e-20 0.0 0.0 6.384706047403995e-22 0.0 0.0
2 10.0 0.12 16278304.943140646 0.0 0.0 99618.6031995524 0.0 0.0
1 5.9736e+24 6371000.0 4.134838452142638e-20 0.0 0.0 6.384957761463695e-22 0.0 0.0
2 10.0 0.12 16279301.129022278 0.0 0.0 99618.58816316133 0.0 0.0
1 5.9736e+24 6371000.0 4.13547697308711e-20 0.0 0.0 6.385209444717856e-22 0.0 0.0
2 10.0 0.12 16280297.314753564 0.0 0.0 99618.57312861046 0.0 0.0
1 5.9736e+24 6371000.0 4.1361155191968274e-20 0.0 0.0 6.385461097172138e-22 0.0 0.0
2 10.0 0.12 16281293.500334524 0.0 0.0 99618.55809589945 0.0 0.0
1 5.9736e+24 6371000.0 4.1367540904687106e-20 0.0 0.0 6.385712718832199e-22 0.0 0.0
2 10.0 0.12 16282289.685765173 0.0 0.0 99618.54306502797 0.0 0.0
1 5.9736e+24 6371000.0 4.137392686899681e-20 0.0 0.0 6.385964309703695e-22 0.0 0.0
2 10.0 0.12 16283285.871045534 0.0 0.0 99618.52803599568 0.0 0.0
1 5.9736e+24 6371000.0 4.1380313084866606e-20 0.0 0.0 6.386215869792281e-22 0.0 0.0
2 10.0 0.12 16284282.056175621 0.0 0.0 99618.51300880223 0.0 0.0
1 5.9736e+24 6371000.0 4.138669955226571e-20 0.0 0.0 6.386467399103613e-22 0.0 0.0
2 10.0 0.12 16285278.241155455 0.0 0.0 99618.49798344729 0.0 0.0
1 5.9736e+24 6371000.0 4.1393086271163356e-20 0.0 0.0 6.386718897643342e-22 0.0 0.0
2 10.0 0.12 16286274.425985055 0.0 0.0 99618.48295993052 0.0 0.0
1 5.9736e+24 6371000.0 4.139947324152877e-20 0.0 0.0 6.386970365417118e-22 0.0 0.0
2 10.0 0.12 16287270.610664438 0.0 0.0 99618.46793825159 0.0 0.0
1 5.9736e+24 6371000.0 4.1405860463331204e-20 0.0 0.0 6.387221802430592e-22 0.0 0.0
2 10.0 0.12 16288266.795193622 0.0 0.0 99618.45291841016 0.0 0.0
1 5.9736e+24 6371000.0 4.1412247936539896e-20 0.0 0.0 6.387473208689413e-22 0.0 0.0
2 10.0 0.12 16289262.979572626 0.0 0.0 99618.43790040587 0.0 0.0
1 5.9736e+24 6371000.0 4.1418635661124094e-20 0.0 0.0 6.387724584199226e-22 0.0 0.0
2 10.0 0.12 16290259.163801469 0.0 0.0 99618.42288423842 0.0 0.0
1 5.9736e+24 6371000.0 4.142502363705306e-20 0.0 0.0 6.387975928965679e-22 0.0 0.0
2 10.0 0.12 16291255.347880168 0.0 0.0 99618.40786990745 0.0 0.0
1 5.9736e+24 6371000.0 4.1431411864296056e-20 0.0 0.0 6.388227242994414e-22 0.0 0.0
2 10.0 0.12 16292251.531808741 0.0 0.0 99618.39285741262 0.0 0.0
1 5.9736e+24 6371000.0 4.1437800342822347e-20 0.0 0.0 6.388478526291075e-22 0.0 0.0
2 10.0 0.12 16293247.715587208 0.0 0.0 99618.3778467536 0.0 0.0
1 5.9736e+24 6371000.0 4.144418907260121e-20 0.0 0.0 6.388729778861303e-22 0.0 0.0
2 10.0 0.12 16294243.899215586 0.0 0.0 99618.36283793006 0.0 0.0
1 5.9736e+24 6371000.0 4.145057805360192e-20 0.0 0.0 6.388981000710739e-22 0.0 0.0
2 10.0 0.12 16295240.082693895 0.0 0.0 99618.34783094167 0.0 0.0
1 5.9736e+24 6371000.0 4.145696728579376e-20 0.0 0.0 6.389232191845019e-22 0.0 0.0
2 10.0 0.12 16296236.266022153 0.0 0.0 99618.33282578806 0.0 0.0
1 5.9736e+24 6371000.0 4.146335676914603e-20 0.0 0.0 6.389483352269784e-22 0.0 0.0
2 10.0 0.12 16297232.449200379 0.0 0.0 99618.31782246893 0.0 0.0
1 5.9736e+24 6371000.0 4.1469746503628023e-20 0.0 0.0 6.3897344819906665e-22 0.0 0.0
2 10.0 0.12 16298228.632228589 0.0 0.0 99618.30282098392 0.0 0.0
1 5.9736e+24 6371000.0 4.1476136489209036e-20 0.0 0.0 6.389985581013303e-22 0.0 0.0
2 10.0 0.12 16299224.815106802 0.0 0.0 99618.2878213327 0.0 0.0
1 5.9736e+24 6371000.0 4.148252672585838e-20 0.0 0.0 6.390236649343326e-22 0.0 0.0
2 10.0 0.12 16300220.997835036 0.0 0.0 99618.27282351494 0.0 0.0
1 5.9736e+24 6371000.0 4.148891721354537e-20 0.0 0.0 6.390487686986367e-22 0.0 0.0
2 10.0 0.12 16301217.180413311 0.0 0.0 99618.2578275303 0.0 0.0
1 5.9736e+24 6371000.0 4.149530795223932e-20 0.0 0.0 6.390738693948057e-22 0.0 0.0
2 10.0 0.12 16302213.362841645 0.0 0.0 99618.24283337843 0.0 0.0
1 5.9736e+24 6371000.0 4.1501698941909554e-20 0.0 0.0 6.390989670234024e-22 0.0 0.0
2 10.0 0.12 16303209.545120057 0.0 0.0 99618.22784105901 0.0 0.0
1 5.9736e+24 6371000.0 4.15080901825254e-20 0.0 0.0 6.391240615849897e-22 0.0 0.0
2 10.0 0.12 16304205.727248562 0.0 0.0 99618.2128505717 0.0 0.0
1 5.9736e+24 6371000.0 4.15144816740562e-20 0.0 0.0 6.391491530801302e-22 0.0 0.0
2 10.0 0.12 16305201.909227181 0.0 0.0 99618.19786191617 0.0 0.0
1 5.9736e+24 6371000.0 4.15208734164713e-20 0.0 0.0 6.391742415093863e-22 0.0 0.0
2 10.0 0.12 16306198.091055932 0.0 0.0 99618.18287509207 0.0 0.0
1 5.9736e+24 6371000.0 4.1527265409740034e-20 0.0 0.0 6.391993268733204e-22 0.0 0.0
2 10.0 0.12 16307194.272734832 0.0 0.0 99618.16789009907 0.0 0.0
1 5.9736e+24 6371000.0 4.1533657653831756e-20 0.0 0.0 6.392244091724947e-22 0.0 0.0
2 10.0 0.12 16308190.454263901 0.0 0.0 99618.15290693683 0.0 0.0
1 5.9736e+24 6371000.0 4.154005014871583e-20 0.0 0.0 6.392494884074713e-22 0.0 0.0
2 10.0 0.12 16309186.635643158 0.0 0.0 99618.13792560503 0.0 0.0
1 5.9736e+24 6371000.0 4.154644289436162e-20 0.0 0.0 6.3927456457881215e-22 0.0 0.0
2 10.0 0.12 16310182.81687262 0.0 0.0 99618.12294610332 0.0 0.0
1 5.9736e+24 6371000.0 4.155283589073849e-20 0.0 0.0 6.39299637687079e-22 0.0 0.0
2 10.0 0.12 16311178.997952303 0.0 0.0 99618.10796843137 0.0 0.0
1 5.9736e+24 6371000.0 4.1559229137815814e-20 0.0 0.0 6.393247077328335e-22 0.0 0.0
2 10.0 0.12 16312175.178882228 0.0 0.0 99618.09299258885 0.0 0.0
1 5.9736e+24 6371000.0 4.156562263556298e-20 0.0 0.0 6.393497747166372e-22 0.0 0.0
2 10.0 0.12 16313171.359662414 0.0 0.0 99618.0780185754 0.0 0.0
1 5.9736e+24 6371000.0 4.157201638394937e-20 0.0 0.0 6.393748386390515e-22 0.0 0.0
2 10.0 0.12 16314167.540292878 0.0 0.0 99618.0630463907 0.0 0.0
1 5.9736e+24 6371000.0 4.1578410382944375e-20 0.0 0.0 6.393998995006376e-22 0.0 0.0
2 10.0 0.12 16315163.720773637 0.0 0.0 99618.04807603442 0.0 0.0
1 5.9736e+24 6371000.0 4.1584804632517397e-20 0.0 0.0 6.394249573019567e-22 0.0 0.0
2 10.0 0.12 16316159.901104713 0.0 0.0 99618.03310750623 0.0 0.0
1 5.9736e+24 6371000.0 4.1591199132637834e-20 0.0 0.0 6.394500120435696e-22 0.0 0.0
2 10.0 0.12 16317156.081286121 0.0 0.0 99618.01814080578 0.0 0.0
1 5.9736e+24 6371000.0 4.1597593883275096e-20 0.0 0.0 6.394750637260375e-22 0.0 0.0
2 10.0 0.12 16318152.26131788 0.0 0.0 99618.00317593274 0.0 0.0
1 5.9736e+24 6371000.0 4.1603988884398596e-20 0.0 0.0 6.395001123499207e-22 0.0 0.0
2 10.0 0.12 16319148.44120001 0.0 0.0 99617.98821288678 0.0 0.0
1 5.9736e+24 6371000.0 4.1610384135977754e-20 0.0 0.0 6.395251579157799e-22 0.0 0.0
2 10.0 0.12 16320144.620932527 0.0 0.0 99617.97325166756 0.0 0.0
1 5.9736e+24 6371000.0 4.1616779637981995e-20 0.0 0.0 6.3955020042417565e-22 0.0 0.0
2 10.0 0.12 16321140.80051545 0.0 0.0 99617.95829227474 0.0 0.0
1 5.9736e+24 6371000.0 4.162317539038075e-20 0.0 0.0 6.395752398756681e-22 0.0 0.0
2 10.0 0.12 16322136.979948798 0.0 0.0 99617.94333470799 0.0 0.0
1 5.9736e+24 6371000.0 4.162957139314346e-20 0.0 0.0 6.396002762708175e-22 0.0 0.0
2 10.0 0.12 16323133.159232588 0.0 0.0 99617.92837896699 0.0 0.0
1 5.9736e+24 6371000.0 4.1635967646239563e-20 0.0 0.0 6.396253096101838e-22 0.0 0.0
2 10.0 0.12 16324129.338366838 0.0 0.0 99617.91342505139 0.0 0.0
1 5.9736e+24 6371000.0 4.1642364149638506e-20 0.0 0.0 6.396503398943268e-22 0.0 0.0
2 10.0 0.12 16325125.517351568 0.0 0.0 99617.89847296085 0.0 0.0
1 5.9736e+24 6371000.0 4.1648760903309746e-20 0.0 0.0 6.396753671238064e-22 0.0 0.0
2 10.0 0.12 16326121.696186794 0.0 0.0 99617.88352269505 0.0 0.0
1 5.9736e+24 6371000.0 4.165515790722274e-20 0.0 0.0 6.397003912991822e-22 0.0 0.0
2 10.0 0.12 16327117.874872537 0.0 0.0 99617.86857425365 0.0 0.0
1 5.9736e+24 6371000.0 4.166155516134695e-20 0.0 0.0 6.397254124210135e-22 0.0 0.0
2 10.0 0.12 16328114.053408815 0.0 0.0 99617.85362763632 0.0 0.0
1 5.9736e+24 6371000.0 4.1667952665651844e-20 0.0 0.0 6.397504304898597e-22 0.0 0.0
2 10.0 0.12 16329110.231795643 0.0 0.0 99617.8386828427 0.0 0.0
1 5.9736e+24 6371000.0 4.1674350420106905e-20 0.0 0.0 6.397754455062801e-22 0.0 0.0
2 10.0 0.12 16330106.410033042 0.0 0.0 99617.82373987249 0.0 0.0
1 5.9736e+24 6371000.0 4.1680748424681615e-20 0.0 0.0 6.398004574708337e-22 0.0 0.0
2 10.0 0.12 16331102.588121029 0.0 0.0 99617.80879872534 0.0 0.0
1 5.9736e+24 6371000.0 4.1687146679345453e-20 0.0 0.0 6.398254663840795e-22 0.0 0.0
2 10.0 0.12 16332098.766059622 0.0 0.0 99617.79385940092 0.0 0.0
1 5.9736e+24 6371000.0 4.169354518406792e-20 0.0 0.0 6.398504722465761e-22 0.0 0.0
2 10.0 0.12 16333094.94384884 0.0 0.0 99617.77892189889 0.0 0.0
1 5.9736e+24 6371000.0 4.169994393881851e-20 0.0 0.0 6.398754750588822e-22 0.0 0.0
2 10.0 0.12 16334091.121488703 0.0 0.0 99617.76398621894 0.0 0.0
1 5.9736e+24 6371000.0 4.1706342943566726e-20 0.0 0.0 6.399004748215564e-22 0.0 0.0
2 10.0 0.12 16335087.298979226 0.0 0.0 99617.74905236071 0.0 0.0
1 5.9736e+24 6371000.0 4.1712742198282075e-20 0.0 0.0 6.399254715351569e-22 0.0 0.0
2 10.0 0.12 16336083.47632043 0.0 0.0 99617.73412032388 0.0 0.0
1 5.9736e+24 6371000.0 4.171914170293408e-20 0.0 0.0 6.399504652002422e-22 0.0 0.0
2 10.0 0.12 16337079.653512333 0.0 0.0 99617.7191901081 0.0 0.0
1 5.9736e+24 6371000.0 4.1725541457492255e-20 0.0 0.0 6.399754558173703e-22 0.0 0.0
2 10.0 0.12 16338075.83055495 0.0 0.0 99617.70426171305 0.0 0.0
1 5.9736e+24 6371000.0 4.1731941461926126e-20 0.0 0.0 6.400004433870991e-22 0.0 0.0
2 10.0 0.12 16339072.0074483 0.0 0.0 99617.68933513839 0.0 0.0
1 5.9736e+24 6371000.0 4.1738341716205224e-20 0.0 0.0 6.400254279099865e-22 0.0 0.0
2 10.0 0.12 16340068.184192404 0.0 0.0 99617.6744103838 0.0 0.0
1 5.9736e+24 6371000.0 4.174474222029909e-20 0.0 0.0 6.400504093865901e-22 0.0 0.0
2 10.0 0.12 16341064.360787278 0.0 0.0 99617.65948744894 0.0 0.0
1 5.9736e+24 6371000.0 4.1751142974177267e-20 0.0 0.0 6.400753878174676e-22 0.0 0.0
2 10.0 0.12 16342060.537232941 0.0 0.0 99617.64456633347 0.0 0.0
1 5.9736e+24 6371000.0 4.17575439778093e-20 0.0 0.0 6.401003632031763e-22 0.0 0.0
2 10.0 0.12 16343056.713529412 0.0 0.0 99617.62964703707 0.0 0.0
1 5.9736e+24 6371000.0 4.176394523116474e-20 0.0 0.0 6.4012533554427355e-22 0.0 0.0
2 10.0 0.12 16344052.889676707 0.0 0.0 99617.6147295594 0.0 0.0
1 5.9736e+24 6371000.0 4.1770346734213156e-20 0.0 0.0 6.401503048413165e-22 0.0 0.0
2 10.0 0.12 16345049.065674845 0.0 0.0 99617.59981390012 0.0 0.0
1 5.9736e+24 6371000.0 4.177674848692411e-20 0.0 0.0 6.40175271094862e-22 0.0 0.0
2 10.0 0.12 16346045.241523845 0.0 0.0 99617.5849000589 0.0 0.0
